0 0 0
0 1 0
0 2 0
0 3 0
0 4 0
0 5 0
0 6 0
0 7 0
0 8 0
0 9 0
0 10 0
0 11 0
0 12 0
0 13 0
0 14 0
0 15 0
0 16 0
0 17 0
0 18 0
0 19 0
0 20 0
0 21 0
0 22 0
0 23 0
0 24 0
0 25 0
0 26 0
0 27 0
0 28 0
0 29 0
0 30 0
0 31 0
0 32 0
0 33 0
0 34 0
0 35 0
0 36 0
0 37 0
0 38 0
0 39 0
0 40 0
0 41 0
0 42 0
0 43 0
0 44 0
0 45 0
0 46 0
0 47 0
0 48 0
0 49 0
0 50 0
0 51 0
0 52 0
0 53 0
0 54 0
0 55 0
0 56 0
0 57 0
0 58 0
0 59 0
0 60 0
0 61 0
0 62 0
0 63 0
0 64 0
0 65 0
0 66 0
1 0 0
1 1 1
1 2 -0.5
1 3 -0.5
1 4 -0.408248
1 5 0.816497
1 6 -0.408248
1 7 -1.25213e-009
1 8 7.23432e-010
1 9 5.28696e-010
1 10 -2.1703e-009
1 11 -9.63712e-011
1 12 1.88763e-010
1 13 1.04352e-009
1 14 -1.46583e-009
1 15 -3.41967e-009
1 16 -1.22385e-010
1 17 -9.85946e-010
1 18 -3.45056e-010
1 19 1.53567e-009
1 20 -4.82869e-009
1 21 -3.59354e-009
1 22 -8.17333e-010
1 23 -4.75116e-010
1 24 -1.31277e-009
1 25 1.81884e-009
1 26 8.33051e-011
1 27 -7.45908e-009
1 28 -2.50516e-009
1 29 -6.96356e-011
1 30 1.42001e-009
1 31 1.12044e-010
1 32 -2.04664e-009
1 33 4.51382e-009
1 34 -9.59837e-010
1 35 -2.06452e-009
1 36 4.04593e-010
1 37 1.32741e-009
1 38 3.64832e-010
1 39 1.7978e-009
1 40 -1.55739e-009
1 41 -5.39519e-010
1 42 5.864e-009
1 43 4.11208e-009
1 44 7.70488e-009
1 45 3.40766e-009
1 46 4.29877e-010
1 47 -1.56873e-009
1 48 5.83335e-010
1 49 2.60204e-009
1 50 -2.54748e-009
1 51 2.03451e-009
1 52 4.92367e-009
1 53 1.02317e-008
1 54 1.01303e-008
1 55 4.96552e-009
1 56 -1.27028e-009
1 57 -4.35746e-010
1 58 -1.86866e-009
1 59 1.05712e-009
1 60 -6.254e-010
1 61 -5.3055e-009
1 62 -2.60866e-010
1 63 4.87185e-009
1 64 1.37318e-008
1 65 6.25332e-009
1 66 3.51279e-010
2 0 0
2 1 -0.5
2 2 0.5
2 3 0
2 4 8.40552e-010
2 5 -0.408248
2 6 0.408248
2 7 5.93608e-010
2 8 -2.96804e-010
2 9 -2.96804e-010
2 10 1.08515e-009
2 11 -5.59195e-011
2 12 1.90083e-010
2 13 -1.90083e-010
2 14 1.05489e-010
2 15 2.05119e-009
2 16 1.66574e-010
2 17 2.80597e-010
2 18 2.80597e-010
2 19 -5.16692e-010
2 20 2.34829e-009
2 21 1.79174e-009
2 22 5.04718e-010
2 23 -2.09262e-010
2 24 2.09262e-010
2 25 -1.8053e-010
2 26 -3.16189e-010
2 27 4.09774e-009
2 28 8.34232e-010
2 29 -1.44683e-010
2 30 -2.53304e-010
2 31 -2.53304e-010
2 32 4.72595e-010
2 33 -1.93169e-009
2 34 8.8868e-010
2 35 8.39746e-010
2 36 -4.24545e-010
2 37 -8.56878e-010
2 38 2.41882e-010
2 39 -2.41882e-010
2 40 5.06479e-011
2 41 -3.30021e-012
2 42 -2.42198e-009
2 43 -1.17012e-009
2 44 -4.85131e-009
2 45 -1.54588e-009
2 46 -1.98081e-011
2 47 2.16973e-010
2 48 2.16973e-010
2 49 -4.01172e-010
2 50 1.6098e-009
2 51 -1.21853e-009
2 52 -2.4847e-009
2 53 -5.0661e-009
2 54 -4.90841e-009
2 55 -2.96449e-009
2 56 8.51236e-010
2 57 -2.7445e-010
2 58 2.7445e-010
2 59 8.49015e-011
2 60 5.4309e-011
2 61 1.57808e-009
2 62 3.48263e-010
2 63 -9.32393e-010
2 64 -7.98361e-009
2 65 -3.00645e-009
2 66 -2.46191e-010
3 0 0
3 1 -0.5
3 2 0
3 3 0.5
3 4 0.408248
3 5 -0.408248
3 6 8.40552e-010
3 7 6.5852e-010
3 8 -4.26628e-010
3 9 -2.31892e-010
3 10 1.08515e-009
3 11 1.52291e-010
3 12 -3.78846e-010
3 13 -8.53435e-010
3 14 1.36034e-009
3 15 1.36848e-009
3 16 -4.41889e-011
3 17 7.05349e-010
3 18 6.44586e-011
3 19 -1.01898e-009
3 20 2.4804e-009
3 21 1.8018e-009
3 22 3.12615e-010
3 23 6.84377e-010
3 24 1.10351e-009
3 25 -1.63831e-009
3 26 2.32884e-010
3 27 3.36134e-009
3 28 1.67093e-009
3 29 2.14319e-010
3 30 -1.16671e-009
3 31 1.4126e-010
3 32 1.57404e-009
3 33 -2.58213e-009
3 34 7.11567e-011
3 35 1.22477e-009
3 36 1.99525e-011
3 37 -4.70534e-010
3 38 -6.06714e-010
3 39 -1.55592e-009
3 40 1.50675e-009
3 41 5.42819e-010
3 42 -3.44202e-009
3 43 -2.94196e-009
3 44 -2.85357e-009
3 45 -1.86178e-009
3 46 -4.10069e-010
3 47 1.35176e-009
3 48 -8.00308e-010
3 49 -2.20087e-009
3 50 9.37684e-010
3 51 -8.15973e-010
3 52 -2.43897e-009
3 53 -5.16557e-009
3 54 -5.22187e-009
3 55 -2.00103e-009
3 56 4.19045e-010
3 57 7.10195e-010
3 58 1.59421e-009
3 59 -1.14202e-009
3 60 5.71091e-010
3 61 3.72742e-009
3 62 -8.73964e-011
3 63 -3.93946e-009
3 64 -5.74823e-009
3 65 -3.24687e-009
3 66 -1.05088e-010
4 0 0
4 1 -0.408248
4 2 8.40552e-010
4 3 0.408248
4 4 1
4 5 -0.5
4 6 1.37262e-009
4 7 0.129099
4 8 0.129099
4 9 -1.95918e-010
4 10 0.387298
4 11 5.04477e-010
4 12 -1.33603e-010
4 13 -6.97934e-010
4 14 -0.112306
4 15 4.03185e-009
4 16 2.39421e-010
4 17 7.80086e-010
4 18 2.46289e-010
4 19 -1.60403e-009
4 20 5.9459e-009
4 21 3.91938e-009
4 22 3.23104e-010
4 23 5.12715e-010
4 24 8.14627e-010
4 25 -2.90032e-009
4 26 -1.239e-009
4 27 5.65422e-009
4 28 1.78813e-009
4 29 -2.36296e-010
4 30 -1.38989e-009
4 31 -3.62096e-011
4 32 2.18029e-009
4 33 -5.59473e-009
4 34 -8.02106e-010
4 35 -5.26104e-011
4 36 -1.04567e-009
4 37 -6.69725e-010
4 38 -1.90844e-010
4 39 -8.71339e-010
4 40 2.08164e-009
4 41 1.80863e-009
4 42 -5.08726e-009
4 43 -3.71848e-009
4 44 -6.35159e-009
4 45 -4.45377e-009
4 46 -1.76218e-010
4 47 1.29399e-009
4 48 -2.03322e-010
4 49 -1.94933e-009
4 50 3.6587e-009
4 51 -2.98489e-010
4 52 -2.00955e-009
4 53 -1.03758e-008
4 54 -1.10716e-008
4 55 -3.17152e-009
4 56 5.36653e-010
4 57 4.37069e-010
4 58 8.54908e-010
4 59 -2.16063e-009
4 60 -5.41236e-010
4 61 5.61302e-009
4 62 2.44781e-010
4 63 -7.97808e-009
4 64 -1.54426e-008
4 65 -6.61442e-009
4 66 9.34171e-010
5 0 0
5 1 0.816497
5 2 -0.408248
5 3 -0.408248
5 4 -0.5
5 5 1
5 6 -0.5
5 7 -0.129099
5 8 7.48421e-010
5 9 0.129099
5 10 -2.24526e-009
5 11 -5.19131e-010
5 12 -1.94795e-011
5 13 8.51016e-010
5 14 -1.86732e-009
5 15 -4.11044e-009
5 16 -1.28814e-010
5 17 -1.09115e-009
5 18 -5.57357e-010
5 19 1.62748e-009
5 20 -5.91962e-009
5 21 -4.60878e-009
5 22 -3.60069e-010
5 23 -3.61982e-010
5 24 -9.65361e-010
5 25 2.05651e-009
5 26 5.45428e-010
5 27 -7.53587e-009
5 28 -2.38447e-009
5 29 -1.79261e-011
5 30 1.70387e-009
5 31 3.50183e-010
5 32 -2.19173e-009
5 33 5.88928e-009
5 34 -5.5967e-010
5 35 -1.30639e-009
5 36 1.63422e-009
5 37 8.50731e-010
5 38 -1.94962e-011
5 39 1.08168e-009
5 40 -1.18933e-009
5 41 -1.15152e-009
5 42 5.76969e-009
5 43 5.01077e-009
5 44 8.18723e-009
5 45 3.93182e-009
5 46 4.17537e-010
5 47 -1.59049e-009
5 48 -9.31812e-011
5 49 1.86063e-009
5 50 -4.04073e-009
5 51 1.91398e-009
5 52 4.90586e-009
5 53 1.1196e-008
5 54 1.13802e-008
5 55 3.78121e-009
5 56 -7.35861e-010
5 57 -1.41065e-010
5 58 -1.15091e-009
5 59 1.24809e-009
5 60 4.25225e-011
5 61 -5.74736e-009
5 62 -7.35274e-010
5 63 6.17525e-009
5 64 1.57716e-008
5 65 7.37875e-009
5 66 1.02828e-010
6 0 0
6 1 -0.408248
6 2 0.408248
6 3 8.40552e-010
6 4 1.37262e-009
6 5 -0.5
6 6 1
6 7 0.129099
6 8 -0.387298
6 9 -3.16324e-010
6 10 0.387298
6 11 9.91408e-010
6 12 4.42051e-010
6 13 -7.24342e-010
6 14 -0.112306
6 15 4.72263e-009
6 16 5.85267e-010
6 17 1.37505e-009
6 18 1.61678e-010
6 19 -1.87262e-009
6 20 5.14864e-009
6 21 4.72469e-009
6 22 -3.53754e-010
6 23 -2.54476e-010
6 24 7.63183e-010
6 25 -1.1665e-009
6 26 -1.11761e-009
6 27 6.22116e-009
6 28 7.40791e-010
6 29 -6.42044e-010
6 30 -1.54784e-009
6 31 2.63947e-010
6 32 2.07605e-009
6 33 -4.18491e-009
6 34 2.84506e-010
6 35 -2.03078e-011
6 36 -2.88414e-009
6 37 -5.01182e-011
6 38 2.75574e-010
6 39 -3.02892e-010
6 40 2.99368e-010
6 41 -4.83879e-010
6 42 -5.15626e-009
6 43 -3.13708e-009
6 44 -7.42793e-009
6 45 -2.65046e-009
6 46 3.52876e-010
6 47 1.67201e-009
6 48 1.88312e-012
6 49 -1.45659e-009
6 50 5.12661e-009
6 51 -1.36992e-009
6 52 -6.37637e-009
6 53 -1.04479e-008
6 54 -8.74941e-009
6 55 -1.57586e-009
6 56 -8.60554e-011
6 57 -3.27011e-010
6 58 4.37031e-010
6 59 -4.79595e-010
6 60 -5.2696e-010
6 61 5.48619e-009
6 62 2.70849e-009
6 63 -5.44946e-009
6 64 -1.71429e-008
6 65 -7.15983e-009
6 66 -5.61855e-010
7 0 0
7 1 -1.25213e-009
7 2 5.93608e-010
7 3 6.5852e-010
7 4 0.129099
7 5 -0.129099
7 6 0.129099
7 7 0.555556
7 8 0.0555556
7 9 0.0555556
7 10 0.166667
7 11 0.0845154
7 12 -0.0093906
7 13 0.0093906
7 14 -0.0828493
7 15 0.394405
7 16 2.18913e-010
7 17 7.00905e-010
7 18 4.15905e-011
7 19 0.0135542
7 20 -0.0810498
7 21 1.53069e-009
7 22 -1.17771e-009
7 23 -3.37112e-010
7 24 3.91326e-010
7 25 -5.55164e-010
7 26 -1.09391e-009
7 27 -3.9681e-010
7 28 -7.48515e-010
7 29 -3.79364e-010
7 30 -8.42654e-010
7 31 2.67736e-010
7 32 1.66899e-009
7 33 -1.37287e-009
7 34 -6.32708e-010
7 35 -1.93273e-009
7 36 -3.24972e-009
7 37 1.17138e-009
7 38 4.56313e-010
7 39 1.42887e-010
7 40 -3.44243e-010
7 41 2.57656e-010
7 42 -4.18547e-010
7 43 -1.91249e-009
7 44 -2.65284e-009
7 45 -7.15555e-010
7 46 3.09915e-010
7 47 7.58321e-010
7 48 1.30516e-010
7 49 -6.37359e-010
7 50 2.24678e-009
7 51 1.17319e-010
7 52 -1.8408e-009
7 53 -4.78384e-009
7 54 -2.23804e-009
7 55 2.90006e-009
7 56 -1.26321e-009
7 57 -4.33414e-010
7 58 -6.34213e-011
7 59 -1.28162e-010
7 60 -1.04386e-009
7 61 1.72615e-009
7 62 2.39631e-009
7 63 -3.25957e-009
7 64 -5.63922e-009
7 65 -1.96269e-009
7 66 3.20412e-011
8 0 0
8 1 7.23432e-010
8 2 -2.96804e-010
8 3 -4.26628e-010
8 4 0.129099
8 5 7.48421e-010
8 6 -0.387298
8 7 0.0555556
8 8 0.555556
8 9 0.0555556
8 10 -0.333333
8 11 -9.20693e-010
8 12 -0.093906
8 13 -0.0751248
8 14 0.165699
8 15 -0.112687
8 16 -3.07472e-010
8 17 -1.3216e-009
8 18 7.75982e-012
8 19 -0.0271083
8 20 0.0231571
8 21 -2.31114e-009
8 22 5.96601e-010
8 23 6.6138e-011
8 24 -7.18635e-010
8 25 1.17176e-009
8 26 9.84135e-010
8 27 -2.21876e-009
8 28 2.00494e-010
8 29 3.96855e-010
8 30 1.25924e-009
8 31 -1.43563e-010
8 32 -1.22454e-009
8 33 2.29347e-009
8 34 5.00568e-010
8 35 7.1794e-010
8 36 1.47169e-009
8 37 -5.02177e-010
8 38 4.3732e-010
8 39 7.49219e-010
8 40 -1.58011e-009
8 41 2.07842e-010
8 42 3.58318e-009
8 43 2.31248e-009
8 44 2.48045e-009
8 45 9.07849e-010
8 46 -2.83234e-010
8 47 -1.90515e-009
8 48 3.24432e-010
8 49 2.09386e-009
8 50 -3.60808e-009
8 51 -5.66604e-010
8 52 4.39314e-009
8 53 6.21457e-009
8 54 4.08412e-009
8 55 -2.38247e-010
8 56 5.98624e-010
8 57 -2.6309e-010
8 58 -7.75538e-010
8 59 9.98875e-010
8 60 1.00117e-009
8 61 -3.95189e-009
8 62 -2.6451e-009
8 63 4.85338e-009
8 64 9.41751e-009
8 65 4.2031e-009
8 66 6.58649e-010
9 0 0
9 1 5.28696e-010
9 2 -2.96804e-010
9 3 -2.31892e-010
9 4 -1.95918e-010
9 5 0.129099
9 6 -3.16324e-010
9 7 0.0555556
9 8 0.0555556
9 9 0.555556
9 10 0.166667
9 11 1.63872e-010
9 12 0.244156
9 13 0.093906
9 14 -0.393534
9 15 -0.112687
9 16 4.75087e-010
9 17 1.04247e-011
9 18 6.58229e-011
9 19 0.135542
9 20 0.0231571
9 21 1.28811e-009
9 22 -2.01174e-011
9 23 6.95839e-010
9 24 1.26236e-009
9 25 -1.08274e-009
9 26 4.98033e-010
9 27 2.18943e-009
9 28 9.45822e-010
9 29 -3.51201e-010
9 30 -2.39466e-010
9 31 6.34966e-010
9 32 1.261e-009
9 33 4.79988e-010
9 34 8.44813e-010
9 35 1.63295e-009
9 36 -4.01061e-010
9 37 1.71289e-012
9 38 -7.39341e-010
9 39 -1.2165e-009
9 40 5.18111e-010
9 41 -1.67953e-009
9 42 -1.77614e-009
9 43 6.48903e-010
9 44 -1.04802e-009
9 45 -4.10573e-010
9 46 2.77518e-010
9 47 4.38121e-010
9 48 -8.77247e-010
9 49 -1.26493e-009
9 50 -1.6281e-011
9 51 -1.96819e-009
9 52 -3.14478e-009
9 53 -1.95491e-009
9 54 -1.30586e-009
9 55 -2.12665e-010
9 56 -4.45686e-011
9 57 8.01147e-010
9 58 1.48108e-009
9 59 -6.53044e-010
9 60 1.30034e-009
9 61 2.3869e-009
9 62 -2.04326e-011
9 63 -1.8122e-009
9 64 -4.01141e-009
9 65 -1.72939e-009
9 66 -4.39942e-010
10 0 0
10 1 -2.1703e-009
10 2 1.08515e-009
10 3 1.08515e-009
10 4 0.387298
10 5 -2.24526e-009
10 6 0.387298
10 7 0.166667
10 8 -0.333333
10 9 0.166667
10 10 1
10 11 0.0845154
10 12 0.140859
10 13 0.0281718
10 14 -0.186411
10 15 0.169031
10 16 6.73027e-010
10 17 2.01334e-009
10 18 2.46696e-011
10 19 -0.0406625
10 20 -0.0347356
10 21 6.37716e-009
10 22 -8.37182e-010
10 23 -4.24656e-010
10 24 1.13137e-009
10 25 -3.49308e-009
10 26 -3.55774e-009
10 27 6.87768e-009
10 28 -5.35825e-010
10 29 -1.14261e-009
10 30 -2.0821e-009
10 31 4.31093e-010
10 32 3.49791e-009
10 33 -6.81972e-009
10 34 -1.67284e-009
10 35 -2.13132e-009
10 36 -4.26475e-009
10 37 3.31353e-010
10 38 3.11873e-011
10 39 -6.18527e-010
10 40 2.89067e-009
10 41 1.08733e-009
10 42 -7.78154e-009
10 43 -3.63111e-009
10 44 -1.06304e-008
10 45 -4.75887e-009
10 46 6.76577e-010
10 47 2.63694e-009
10 48 -2.20446e-010
10 49 -3.44026e-009
10 50 8.33563e-009
10 51 9.97653e-010
10 52 -6.28941e-009
10 53 -1.85616e-008
10 54 -1.55208e-008
10 55 -1.60152e-009
10 56 -5.71819e-010
10 57 -1.64229e-010
10 58 7.06023e-010
10 59 -2.59064e-009
10 60 -2.98237e-009
10 61 8.72737e-009
10 62 4.45815e-009
10 63 -1.28863e-008
10 64 -2.98896e-008
10 65 -1.0956e-008
10 66 -2.5345e-010
11 0 0
11 1 -9.63712e-011
11 2 -5.59195e-011
11 3 1.52291e-010
11 4 5.04477e-010
11 5 -5.19131e-010
11 6 9.91408e-010
11 7 0.0845154
11 8 -9.20693e-010
11 9 1.63872e-010
11 10 0.0845154
11 11 0.4
11 12 7.74091e-010
11 13 -4.81772e-010
11 14 -0.0551411
11 15 0.15
11 16 0.0629941
11 17 4.722e-010
11 18 -3.61991e-010
11 19 0.0160375
11 20 -0.0547997
11 21 0.353553
11 22 -4.49673e-010
11 23 -7.49479e-010
11 24 6.92898e-011
11 25 -0.00189934
11 26 0.00745356
11 27 -0.0534523
11 28 -2.26273e-009
11 29 3.77334e-010
11 30 -1.46033e-011
11 31 5.19868e-011
11 32 -1.81846e-011
11 33 6.18349e-010
11 34 -6.92953e-011
11 35 -1.48939e-009
11 36 -7.0723e-010
11 37 4.22976e-010
11 38 1.57616e-010
11 39 -3.12002e-010
11 40 1.96329e-010
11 41 -2.72187e-011
11 42 2.12457e-010
11 43 -1.17274e-009
11 44 -5.98999e-010
11 45 1.80157e-009
11 46 -2.21332e-010
11 47 5.14157e-010
11 48 -2.71962e-010
11 49 -1.02095e-009
11 50 3.34255e-010
11 51 1.1902e-009
11 52 -5.55329e-010
11 53 -1.38629e-009
11 54 7.75694e-010
11 55 9.93361e-010
11 56 -3.82225e-010
11 57 -4.87105e-010
11 58 2.50747e-010
11 59 6.82135e-010
11 60 -1.17741e-009
11 61 -7.24473e-010
11 62 2.63317e-009
11 63 7.48502e-010
11 64 2.45739e-010
11 65 7.79213e-010
11 66 -1.53221e-009
12 0 0
12 1 1.88763e-010
12 2 1.90083e-010
12 3 -3.78846e-010
12 4 -1.33603e-010
12 5 -1.94795e-011
12 6 4.42051e-010
12 7 -0.0093906
12 8 -0.093906
12 9 0.244156
12 10 0.140859
12 11 7.74091e-010
12 12 0.444444
12 13 0.0555556
12 14 -0.398241
12 15 0.0833333
12 16 3.10995e-010
12 17 -0.125988
12 18 0.0629941
12 19 0.240563
12 20 -0.136999
12 21 2.70447e-009
12 22 -3.71819e-010
12 23 3.8897e-010
12 24 5.89739e-010
12 25 -0.0474836
12 26 0.0372678
12 27 3.7064e-009
12 28 9.18424e-010
12 29 -2.54479e-010
12 30 -3.93303e-010
12 31 -3.42108e-010
12 32 6.19078e-010
12 33 -2.52168e-009
12 34 8.6211e-010
12 35 1.07803e-009
12 36 -1.28697e-009
12 37 2.25256e-010
12 38 -6.80893e-010
12 39 -7.1101e-010
12 40 1.5891e-009
12 41 -6.62593e-010
12 42 -3.42178e-009
12 43 -1.35042e-009
12 44 -2.79864e-009
12 45 -1.37066e-009
12 46 9.48781e-011
12 47 7.97458e-010
12 48 1.70445e-010
12 49 -1.18703e-009
12 50 3.00878e-009
12 51 -1.16381e-009
12 52 -4.02605e-009
12 53 -5.58732e-009
12 54 -4.95508e-009
12 55 -4.88309e-010
12 56 -3.15931e-010
12 57 6.63875e-010
12 58 8.04662e-010
12 59 -1.32311e-009
12 60 1.77671e-010
12 61 3.26531e-009
12 62 8.272e-010
12 63 -3.97079e-009
12 64 -9.44987e-009
12 65 -4.62823e-009
12 66 -5.59119e-010
13 0 0
13 1 1.04352e-009
13 2 -1.90083e-010
13 3 -8.53435e-010
13 4 -6.97934e-010
13 5 8.51016e-010
13 6 -7.24342e-010
13 7 0.0093906
13 8 -0.0751248
13 9 0.093906
13 10 0.0281718
13 11 -4.81772e-010
13 12 0.0555556
13 13 0.444444
13 14 -0.263452
13 15 -0.0833333
13 16 5.61741e-011
13 17 -0.188982
13 18 0.125988
13 19 0.400938
13 20 0.136999
13 21 -1.67042e-009
13 22 2.20486e-010
13 23 4.54698e-010
13 24 3.91006e-010
13 25 -0.142451
13 26 -0.0372678
13 27 -1.90979e-009
13 28 -2.095e-011
13 29 1.37689e-012
13 30 6.9773e-010
13 31 -3.4318e-010
13 32 -3.89067e-010
13 33 2.2402e-009
13 34 3.84151e-010
13 35 6.58473e-010
13 36 1.13562e-009
13 37 -4.45993e-011
13 38 -4.48872e-010
13 39 -4.64154e-010
13 40 3.24411e-010
13 41 -6.83751e-011
13 42 2.0288e-009
13 43 2.02041e-009
13 44 2.72421e-009
13 45 9.94945e-010
13 46 9.27513e-011
13 47 -7.09978e-010
13 48 2.6799e-010
13 49 3.96453e-010
13 50 -2.03941e-009
13 51 -5.74765e-010
13 52 1.1581e-009
13 53 3.7447e-009
13 54 3.34254e-009
13 55 5.40737e-010
13 56 8.57381e-011
13 57 5.26608e-010
13 58 6.35206e-010
13 59 -5.19686e-010
13 60 -6.39359e-012
13 61 -1.86435e-009
13 62 -1.06482e-009
13 63 1.2595e-009
13 64 5.2015e-009
13 65 2.62229e-009
13 66 5.0826e-011
14 0 0
14 1 -1.46583e-009
14 2 1.05489e-010
14 3 1.36034e-009
14 4 -0.112306
14 5 -1.86732e-009
14 6 -0.112306
14 7 -0.0828493
14 8 0.165699
14 9 -0.393534
14 10 -0.186411
14 11 -0.0551411
14 12 -0.398241
14 13 -0.263452
14 14 1
14 15 0.0735215
14 16 -8.53788e-010
14 17 0.173678
14 18 -0.0578927
14 19 -0.400894
14 20 0.161158
14 21 0.108307
14 22 2.29353e-010
14 23 -1.40088e-009
14 24 -8.2831e-010
14 25 0.0139642
14 26 -0.0547997
14 27 -0.0163745
14 28 -1.30671e-009
14 29 5.66938e-010
14 30 -1.04073e-009
14 31 -3.71776e-011
14 32 9.51962e-010
14 33 -1.44814e-009
14 34 -2.18812e-009
14 35 -2.81978e-009
14 36 -7.9359e-010
14 37 -4.79483e-010
14 38 1.80856e-009
14 39 7.5182e-010
14 40 -1.27784e-009
14 41 3.79514e-009
14 42 1.34605e-009
14 43 -2.92619e-009
14 44 -4.25533e-009
14 45 -8.29322e-010
14 46 -6.01318e-010
14 47 5.2987e-010
14 48 8.27785e-011
14 49 -3.7827e-010
14 50 -5.47624e-010
14 51 3.10047e-009
14 52 3.82408e-009
14 53 -3.95401e-009
14 54 -2.58586e-009
14 55 -1.02934e-009
14 56 5.5099e-010
14 57 -1.93758e-009
14 58 -1.07678e-009
14 59 1.59198e-009
14 60 -2.70114e-009
14 61 -1.47148e-009
14 62 9.34345e-010
14 63 3.9407e-010
14 64 3.53939e-010
14 65 1.73915e-009
14 66 5.66617e-010
15 0 0
15 1 -3.41967e-009
15 2 2.05119e-009
15 3 1.36848e-009
15 4 4.03185e-009
15 5 -4.11044e-009
15 6 4.72263e-009
15 7 0.394405
15 8 -0.112687
15 9 -0.112687
15 10 0.169031
15 11 0.15
15 12 0.0833333
15 13 -0.0833333
15 14 0.0735215
15 15 1
15 16 0.0755929
15 17 -0.0188982
15 18 -0.0188982
15 19 -0.0962251
15 20 0.0821995
15 21 0.176777
15 22 -1.41861e-009
15 23 -2.15122e-009
15 24 5.27069e-010
15 25 0.0227921
15 26 -0.0894427
15 27 -0.0267261
15 28 -2.90357e-009
15 29 -1.8681e-010
15 30 -2.02661e-009
15 31 -1.88808e-010
15 32 2.98017e-009
15 33 -4.52798e-009
15 34 -1.71203e-009
15 35 -6.58878e-009
15 36 -5.04482e-009
15 37 9.35441e-010
15 38 1.31814e-009
15 39 -8.33081e-010
15 40 1.07775e-009
15 41 3.00423e-009
15 42 -2.67783e-009
15 43 -8.32194e-009
15 44 -1.04127e-008
15 45 -1.93194e-009
15 46 1.37506e-011
15 47 2.70611e-009
15 48 -2.38908e-010
15 49 -4.15687e-009
15 50 4.79224e-009
15 51 3.55076e-009
15 52 -2.86381e-009
15 53 -1.61061e-008
15 54 -7.84849e-009
15 55 1.15808e-009
15 56 -9.54678e-010
15 57 -1.76913e-009
15 58 4.49619e-010
15 59 6.83196e-010
15 60 -3.99263e-009
15 61 2.42694e-009
15 62 7.34489e-009
15 63 -5.64213e-009
15 64 -1.34103e-008
15 65 -3.51756e-009
15 66 -2.59853e-010
16 0 0
16 1 -1.22385e-010
16 2 1.66574e-010
16 3 -4.41889e-011
16 4 2.39421e-010
16 5 -1.28814e-010
16 6 5.85267e-010
16 7 2.18913e-010
16 8 -3.07472e-010
16 9 4.75087e-010
16 10 6.73027e-010
16 11 0.0629941
16 12 3.10995e-010
16 13 5.61741e-011
16 14 -8.53788e-010
16 15 0.0755929
16 16 0.314286
16 17 1.43715e-010
16 18 -3.36387e-010
16 19 6.42402e-011
16 20 -0.0372822
16 21 0.133631
16 22 0.0502519
16 23 -4.15623e-010
16 24 -3.73594e-010
16 25 7.57174e-010
16 26 0.00921986
16 27 -0.0367328
16 28 0.319939
16 29 3.44528e-010
16 30 1.83116e-010
16 31 -1.91769e-010
16 32 -7.61533e-010
16 33 -0.000945424
16 34 0.00409466
16 35 -0.0378092
16 36 1.91734e-009
16 37 -9.17452e-010
16 38 8.49579e-011
16 39 -1.5493e-010
16 40 4.18065e-010
16 41 7.68022e-010
16 42 1.49669e-010
16 43 -7.91022e-010
16 44 -7.44607e-011
16 45 3.6054e-010
16 46 -2.97576e-010
16 47 5.14195e-011
16 48 -2.38852e-010
16 49 -4.62636e-010
16 50 -8.59855e-010
16 51 1.46458e-009
16 52 1.63212e-009
16 53 6.25621e-010
16 54 6.51318e-010
16 55 -2.45277e-009
16 56 1.0126e-009
16 57 -2.3412e-010
16 58 -7.65997e-011
16 59 5.15478e-010
16 60 -2.96655e-010
16 61 -1.37792e-009
16 62 1.1909e-010
16 63 1.84226e-009
16 64 2.86888e-009
16 65 1.61812e-009
16 66 1.90115e-011
17 0 0
17 1 -9.85946e-010
17 2 2.80597e-010
17 3 7.05349e-010
17 4 7.80086e-010
17 5 -1.09115e-009
17 6 1.37505e-009
17 7 7.00905e-010
17 8 -1.3216e-009
17 9 1.04247e-011
17 10 2.01334e-009
17 11 4.722e-010
17 12 -0.125988
17 13 -0.188982
17 14 0.173678
17 15 -0.0188982
17 16 1.43715e-010
17 17 0.4
17 18 -0.1
17 19 -0.418251
17 20 0.11806
17 21 1.88858e-009
17 22 -9.21798e-011
17 23 -0.140705
17 24 -0.0603023
17 25 0.280954
17 26 -0.155969
17 27 2.22354e-009
17 28 1.0239e-011
17 29 -2.11203e-010
17 30 -1.54444e-009
17 31 2.40387e-010
17 32 -0.0619441
17 33 0.0463258
17 34 -9.8677e-010
17 35 -9.46748e-010
17 36 -8.08947e-010
17 37 -6.06477e-011
17 38 -9.30107e-011
17 39 -6.73973e-010
17 40 1.08223e-009
17 41 5.5743e-010
17 42 -3.19449e-009
17 43 -3.03783e-009
17 44 -3.11634e-009
17 45 -1.24243e-009
17 46 7.66536e-011
17 47 1.91277e-009
17 48 -4.05584e-010
17 49 -1.96622e-009
17 50 2.97531e-009
17 51 7.77724e-010
17 52 -3.33162e-009
17 53 -5.9676e-009
17 54 -4.38314e-009
17 55 -1.00608e-009
17 56 -9.06054e-012
17 57 -1.77493e-012
17 58 6.67937e-010
17 59 -6.85668e-010
17 60 -1.07266e-009
17 61 3.66232e-009
17 62 2.27828e-009
17 63 -4.37383e-009
17 64 -8.07599e-009
17 65 -3.39711e-009
17 66 -3.23617e-010
18 0 0
18 1 -3.45056e-010
18 2 2.80597e-010
18 3 6.44586e-011
18 4 2.46289e-010
18 5 -5.57357e-010
18 6 1.61678e-010
18 7 4.15905e-011
18 8 7.75982e-012
18 9 6.58229e-011
18 10 2.46696e-011
18 11 -3.61991e-010
18 12 0.0629941
18 13 0.125988
18 14 -0.0578927
18 15 -0.0188982
18 16 -3.36387e-010
18 17 -0.1
18 18 0.4
18 19 0.309142
18 20 0.11806
18 21 -1.36615e-009
18 22 2.30529e-010
18 23 0.160806
18 24 0.140705
18 25 -0.404299
18 26 -0.155969
18 27 -2.01096e-009
18 28 -9.08683e-010
18 29 2.18091e-010
18 30 2.62191e-010
18 31 -7.20695e-010
18 32 0.144536
18 33 0.0463258
18 34 -8.09959e-010
18 35 -1.50091e-009
18 36 6.57959e-010
18 37 -2.17206e-010
18 38 6.6871e-010
18 39 1.09069e-009
18 40 -4.8314e-010
18 41 1.60365e-009
18 42 2.00858e-009
18 43 -2.53158e-010
18 44 8.70115e-010
18 45 4.24993e-010
18 46 -1.47602e-010
18 47 -5.05502e-010
18 48 1.0656e-009
18 49 1.34406e-009
18 50 4.22403e-011
18 51 1.56835e-009
18 52 2.68401e-009
18 53 2.0413e-009
18 54 1.46125e-009
18 55 -2.17308e-010
18 56 2.62546e-010
18 57 -6.885e-010
18 58 -1.24668e-009
18 59 3.97905e-010
18 60 -1.47605e-009
18 61 -2.45241e-009
18 62 7.016e-011
18 63 1.58033e-009
18 64 3.5307e-009
18 65 1.95898e-009
18 66 4.19077e-010
19 0 0
19 1 1.53567e-009
19 2 -5.16692e-010
19 3 -1.01898e-009
19 4 -1.60403e-009
19 5 1.62748e-009
19 6 -1.87262e-009
19 7 0.0135542
19 8 -0.0271083
19 9 0.135542
19 10 -0.0406625
19 11 0.0160375
19 12 0.240563
19 13 0.400938
19 14 -0.400894
19 15 -0.0962251
19 16 6.42402e-011
19 17 -0.418251
19 18 0.309142
19 19 1
19 20 0.0474579
19 21 -0.102062
19 22 2.56542e-010
19 23 0.179109
19 24 0.076761
19 25 -0.50443
19 26 0.144748
19 27 0.133262
19 28 1.04301e-010
19 29 2.15134e-010
19 30 1.67502e-009
19 31 -4.91465e-010
19 32 0.0578241
19 33 -0.0589698
19 34 -0.0291886
19 35 1.05742e-009
19 36 2.18496e-009
19 37 1.42471e-010
19 38 -8.12352e-011
19 39 5.18979e-010
19 40 -1.93301e-009
19 41 -1.14037e-009
19 42 6.01954e-009
19 43 3.85002e-009
19 44 7.32063e-009
19 45 3.26968e-009
19 46 1.0142e-010
19 47 -2.03008e-009
19 48 6.58353e-010
19 49 2.65854e-009
19 50 -5.17667e-009
19 51 -1.08783e-009
19 52 3.36564e-009
19 53 1.25124e-008
19 54 1.15041e-008
19 55 2.21666e-009
19 56 1.09051e-012
19 57 1.84e-010
19 58 -4.24401e-010
19 59 1.38507e-009
19 60 1.4655e-009
19 61 -6.29435e-009
19 62 -2.55308e-009
19 63 8.18635e-009
19 64 1.88237e-008
19 65 7.5603e-009
19 66 4.01602e-010
20 0 0
20 1 -4.82869e-009
20 2 2.34829e-009
20 3 2.4804e-009
20 4 5.9459e-009
20 5 -5.91962e-009
20 6 5.14864e-009
20 7 -0.0810498
20 8 0.0231571
20 9 0.0231571
20 10 -0.0347356
20 11 -0.0547997
20 12 -0.136999
20 13 0.136999
20 14 0.161158
20 15 0.0821995
20 16 -0.0372822
20 17 0.11806
20 18 0.11806
20 19 0.0474579
20 20 1
20 21 0.116248
20 22 4.36858e-010
20 23 -0.0306005
20 24 0.0306005
20 25 -0.109004
20 26 -0.110282
20 27 0.183739
20 28 0.114603
20 29 -9.37965e-011
20 30 -2.81192e-009
20 31 9.85693e-010
20 32 0.0314337
20 33 -0.07916
20 34 -0.0498682
20 35 -0.0135433
20 36 -2.86972e-009
20 37 -9.79367e-010
20 38 3.0945e-009
20 39 -1.02666e-009
20 40 -2.50621e-009
20 41 5.11423e-009
20 42 1.41401e-009
20 43 -9.43799e-009
20 44 -1.1512e-008
20 45 -2.01348e-009
20 46 -4.75354e-011
20 47 2.09217e-009
20 48 -9.35478e-010
20 49 -3.07274e-009
20 50 5.58591e-011
20 51 2.76143e-009
20 52 1.39949e-009
20 53 -1.1688e-008
20 54 -4.77715e-009
20 55 -1.86096e-009
20 56 1.08448e-009
20 57 -3.14524e-009
20 58 8.86193e-010
20 59 2.5524e-009
20 60 -4.63311e-009
20 61 -7.22612e-012
20 62 7.62912e-009
20 63 -1.75898e-009
20 64 -5.15116e-009
20 65 2.50801e-009
20 66 1.20573e-009
21 0 0
21 1 -3.59354e-009
21 2 1.79174e-009
21 3 1.8018e-009
21 4 3.91938e-009
21 5 -4.60878e-009
21 6 4.72469e-009
21 7 1.53069e-009
21 8 -2.31114e-009
21 9 1.28811e-009
21 10 6.37716e-009
21 11 0.353553
21 12 2.70447e-009
21 13 -1.67042e-009
21 14 0.108307
21 15 0.176777
21 16 0.133631
21 17 1.88858e-009
21 18 -1.36615e-009
21 19 -0.102062
21 20 0.116248
21 21 1
21 22 0.0671519
21 23 -2.43015e-009
21 24 6.21802e-010
21 25 0.0384597
21 26 -0.0934309
21 27 0.188982
21 28 0.176045
21 29 1.02669e-009
21 30 -1.52592e-009
21 31 8.13355e-010
21 32 -0.00551842
21 33 0.0176873
21 34 -0.0842645
21 35 -0.0208043
21 36 -1.23016e-009
21 37 -1.3861e-010
21 38 2.31491e-009
21 39 -9.25556e-010
21 40 -2.24459e-009
21 41 3.76571e-009
21 42 3.79836e-009
21 43 -8.6102e-009
21 44 -4.37527e-009
21 45 1.87512e-009
21 46 -8.04272e-010
21 47 1.4085e-009
21 48 -1.36669e-009
21 49 -2.60451e-009
21 50 -2.65454e-009
21 51 3.93916e-009
21 52 4.06399e-009
21 53 -3.30447e-009
21 54 2.83135e-009
21 55 8.04628e-010
21 56 3.39411e-010
21 57 -2.61121e-009
21 58 5.14901e-010
21 59 3.4518e-009
21 60 -3.12559e-009
21 61 -3.58021e-009
21 62 6.91335e-009
21 63 3.59303e-009
21 64 9.28094e-009
21 65 6.66085e-009
21 66 -2.02766e-010
22 0 0
22 1 -8.17333e-010
22 2 5.04718e-010
22 3 3.12615e-010
22 4 3.23104e-010
22 5 -3.60069e-010
22 6 -3.53754e-010
22 7 -1.17771e-009
22 8 5.96601e-010
22 9 -2.01174e-011
22 10 -8.37182e-010
22 11 -4.49673e-010
22 12 -3.71819e-010
22 13 2.20486e-010
22 14 2.29353e-010
22 15 -1.41861e-009
22 16 0.0502519
22 17 -9.21798e-011
22 18 2.30529e-010
22 19 2.56542e-010
22 20 4.36858e-010
22 21 0.0671519
22 22 0.259259
22 23 3.33961e-010
22 24 1.98274e-010
22 25 -4.14386e-010
22 26 -3.14976e-010
22 27 -0.025381
22 28 0.12137
22 29 0.0418121
22 30 -3.61584e-010
22 31 2.5789e-010
22 32 7.84706e-010
22 33 2.93875e-010
22 34 0.00522325
22 35 -0.0264794
22 36 0.293568
22 37 -3.55237e-010
22 38 4.00276e-010
22 39 2.65268e-010
22 40 -1.16059e-009
22 41 5.02025e-010
22 42 -0.000461663
22 43 0.0024652
22 44 -0.0283439
22 45 -1.64954e-009
22 46 4.40233e-010
22 47 -3.23064e-010
22 48 6.51672e-011
22 49 8.40273e-010
22 50 -1.15487e-009
22 51 -7.62025e-010
22 52 1.10788e-009
22 53 1.60882e-009
22 54 1.05962e-009
22 55 -2.92105e-010
22 56 3.46913e-010
22 57 -5.27813e-011
22 58 -2.08116e-010
22 59 1.02259e-010
22 60 6.86885e-010
22 61 -1.56213e-010
22 62 -1.47408e-009
22 63 1.59804e-010
22 64 2.3331e-009
22 65 1.09291e-009
22 66 2.08968e-009
23 0 0
23 1 -4.75116e-010
23 2 -2.09262e-010
23 3 6.84377e-010
23 4 5.12715e-010
23 5 -3.61982e-010
23 6 -2.54476e-010
23 7 -3.37112e-010
23 8 6.6138e-011
23 9 6.95839e-010
23 10 -4.24656e-010
23 11 -7.49479e-010
23 12 3.8897e-010
23 13 4.54698e-010
23 14 -1.40088e-009
23 15 -2.15122e-009
23 16 -4.15623e-010
23 17 -0.140705
23 18 0.160806
23 19 0.179109
23 20 -0.0306005
23 21 -2.43015e-009
23 22 3.33961e-010
23 23 0.377778
23 24 0.122222
23 25 -0.424242
23 26 0.142701
23 27 -3.48119e-009
23 28 -7.31282e-010
23 29 3.63028e-010
23 30 -0.148665
23 31 0.0603953
23 32 0.305534
23 33 -0.169404
23 34 -9.82299e-010
23 35 -1.28186e-009
23 36 8.41702e-010
23 37 -2.31222e-010
23 38 1.07308e-009
23 39 7.63526e-010
23 40 -0.0724569
23 41 0.0523243
23 42 3.37911e-009
23 43 5.61888e-010
23 44 1.89974e-009
23 45 8.96572e-010
23 46 -2.42291e-010
23 47 -7.11135e-010
23 48 -2.32373e-010
23 49 1.24442e-009
23 50 -3.27409e-009
23 51 1.09305e-009
23 52 4.49154e-009
23 53 4.88184e-009
23 54 4.00643e-009
23 55 4.98114e-010
23 56 3.17088e-010
23 57 -1.01852e-009
23 58 -8.86502e-010
23 59 1.67263e-009
23 60 -3.33331e-010
23 61 -3.0582e-009
23 62 -9.21607e-010
23 63 4.01929e-009
23 64 9.23939e-009
23 65 4.42885e-009
23 66 7.81102e-010
24 0 0
24 1 -1.31277e-009
24 2 2.09262e-010
24 3 1.10351e-009
24 4 8.14627e-010
24 5 -9.65361e-010
24 6 7.63183e-010
24 7 3.91326e-010
24 8 -7.18635e-010
24 9 1.26236e-009
24 10 1.13137e-009
24 11 6.92898e-011
24 12 5.89739e-010
24 13 3.91006e-010
24 14 -8.2831e-010
24 15 5.27069e-010
24 16 -3.73594e-010
24 17 -0.0603023
24 18 0.140705
24 19 0.076761
24 20 0.0306005
24 21 6.21802e-010
24 22 1.98274e-010
24 23 0.122222
24 24 0.377778
24 25 -0.333333
24 26 -0.142701
24 27 9.58649e-010
24 28 -1.19941e-010
24 29 3.17288e-010
24 30 -0.144019
24 31 0.148665
24 32 0.405623
24 33 0.169404
24 34 -9.49205e-010
24 35 -1.0597e-009
24 36 -7.68695e-011
24 37 -3.79295e-010
24 38 6.94769e-010
24 39 8.96777e-010
24 40 -0.144914
24 41 -0.0523243
24 42 -1.22484e-009
24 43 -2.32908e-009
24 44 -1.98855e-009
24 45 -7.43672e-010
24 46 -3.69342e-010
24 47 4.84939e-010
24 48 -4.19453e-010
24 49 -3.59346e-011
24 50 1.20158e-009
24 51 1.56104e-009
24 52 9.06727e-010
24 53 -1.98382e-009
24 54 -2.26293e-009
24 55 -1.42447e-009
24 56 3.85297e-010
24 57 -7.64819e-010
24 58 -1.23594e-009
24 59 1.07125e-009
24 60 2.32421e-010
24 61 7.34749e-010
24 62 4.97347e-010
24 63 2.6735e-010
24 64 -1.49945e-009
24 65 -1.11365e-009
24 66 2.45908e-010
25 0 0
25 1 1.81884e-009
25 2 -1.8053e-010
25 3 -1.63831e-009
25 4 -2.90032e-009
25 5 2.05651e-009
25 6 -1.1665e-009
25 7 -5.55164e-010
25 8 1.17176e-009
25 9 -1.08274e-009
25 10 -3.49308e-009
25 11 -0.00189934
25 12 -0.0474836
25 13 -0.142451
25 14 0.0139642
25 15 0.0227921
25 16 7.57174e-010
25 17 0.280954
25 18 -0.404299
25 19 -0.50443
25 20 -0.109004
25 21 0.0384597
25 22 -4.14386e-010
25 23 -0.424242
25 24 -0.333333
25 25 1
25 26 0.0324321
25 27 -0.145364
25 28 1.19338e-009
25 29 -5.32387e-010
25 30 0.177385
25 31 -0.0886923
25 32 -0.55839
25 33 0.128933
25 34 0.154228
25 35 3.45627e-009
25 36 4.27926e-010
25 37 6.06673e-010
25 38 -2.30883e-009
25 39 -1.15455e-009
25 40 0.0869483
25 41 -0.0570811
25 42 -0.0380747
25 43 2.62873e-009
25 44 3.3315e-009
25 45 6.35e-010
25 46 5.30943e-010
25 47 -1.51976e-010
25 48 -1.2286e-010
25 49 -3.72771e-010
25 50 2.11468e-009
25 51 -3.32375e-009
25 52 -5.56757e-009
25 53 1.29722e-009
25 54 -5.66624e-011
25 55 7.08683e-010
25 56 -7.21191e-010
25 57 2.35309e-009
25 58 1.51885e-009
25 59 -2.41886e-009
25 60 2.59517e-009
25 61 3.12275e-009
25 62 -3.44156e-010
25 63 -2.52457e-009
25 64 -5.458e-009
25 65 -4.12296e-009
25 66 -1.36019e-009
26 0 0
26 1 8.33051e-011
26 2 -3.16189e-010
26 3 2.32884e-010
26 4 -1.239e-009
26 5 5.45428e-010
26 6 -1.11761e-009
26 7 -1.09391e-009
26 8 9.84135e-010
26 9 4.98033e-010
26 10 -3.55774e-009
26 11 0.00745356
26 12 0.0372678
26 13 -0.0372678
26 14 -0.0547997
26 15 -0.0894427
26 16 0.00921986
26 17 -0.155969
26 18 -0.155969
26 19 0.144748
26 20 -0.110282
26 21 -0.0934309
26 22 -3.14976e-010
26 23 0.142701
26 24 -0.142701
26 25 0.0324321
26 26 1
26 27 0.0923586
26 28 -0.0890724
26 29 -5.68263e-011
26 30 -0.0397776
26 31 -0.0397776
26 32 -0.109
26 33 -0.255566
26 34 0.181869
26 35 0.144128
26 36 4.00309e-010
26 37 6.95514e-010
26 38 5.40641e-010
26 39 8.02932e-011
26 40 0.0354504
26 41 -0.0502863
26 42 -0.0640354
26 43 -0.0271379
26 44 5.77831e-009
26 45 1.99915e-009
26 46 2.62576e-010
26 47 -1.5747e-009
26 48 -1.15524e-009
26 49 1.89214e-009
26 50 -5.42891e-009
26 51 -1.70952e-009
26 52 3.74572e-009
26 53 9.7825e-009
26 54 7.42074e-009
26 55 3.28897e-009
26 56 -6.53671e-010
26 57 -4.00419e-010
26 58 7.98376e-011
26 59 1.76982e-009
26 60 1.56229e-009
26 61 -2.65689e-009
26 62 -1.12414e-009
26 63 5.88166e-009
26 64 1.17007e-008
26 65 4.59452e-009
26 66 5.51176e-010
27 0 0
27 1 -7.45908e-009
27 2 4.09774e-009
27 3 3.36134e-009
27 4 5.65422e-009
27 5 -7.53587e-009
27 6 6.22116e-009
27 7 -3.9681e-010
27 8 -2.21876e-009
27 9 2.18943e-009
27 10 6.87768e-009
27 11 -0.0534523
27 12 3.7064e-009
27 13 -1.90979e-009
27 14 -0.0163745
27 15 -0.0267261
27 16 -0.0367328
27 17 2.22354e-009
27 18 -2.01096e-009
27 19 0.133262
27 20 0.183739
27 21 0.188982
27 22 -0.025381
27 23 -3.48119e-009
27 24 9.58649e-010
27 25 -0.145364
27 26 0.0923586
27 27 1
27 28 0.133077
27 29 -2.4278e-010
27 30 -1.99178e-009
27 31 2.26561e-009
27 32 0.0632148
27 33 -0.119304
27 34 0.0391987
27 35 0.18388
27 36 0.109734
27 37 1.15471e-010
27 38 4.06201e-009
27 39 1.05615e-010
27 40 -0.0102145
27 41 0.0276613
27 42 -0.0935451
27 43 -0.040545
27 44 -0.0105948
27 45 1.54016e-009
27 46 4.93575e-010
27 47 9.49821e-010
27 48 -1.85455e-009
27 49 -1.30545e-009
27 50 -4.34854e-009
27 51 4.52128e-009
27 52 6.66248e-009
27 53 3.14073e-010
27 54 9.46257e-009
27 55 3.20813e-009
27 56 1.31462e-010
27 57 -4.04733e-009
27 58 -5.43521e-010
27 59 5.70201e-009
27 60 -3.2252e-009
27 61 -6.10166e-009
27 62 1.00846e-008
27 63 6.68433e-009
27 64 1.64486e-008
27 65 1.17061e-008
27 66 2.86769e-009
28 0 0
28 1 -2.50516e-009
28 2 8.34232e-010
28 3 1.67093e-009
28 4 1.78813e-009
28 5 -2.38447e-009
28 6 7.40791e-010
28 7 -7.48515e-010
28 8 2.00494e-010
28 9 9.45822e-010
28 10 -5.35825e-010
28 11 -2.26273e-009
28 12 9.18424e-010
28 13 -2.095e-011
28 14 -1.30671e-009
28 15 -2.90357e-009
28 16 0.319939
28 17 1.0239e-011
28 18 -9.08683e-010
28 19 1.04301e-010
28 20 0.114603
28 21 0.176045
28 22 0.12137
28 23 -7.31282e-010
28 24 -1.19941e-010
28 25 1.19338e-009
28 26 -0.0890724
28 27 0.133077
28 28 1
28 29 0.0608967
28 30 -5.7011e-010
28 31 1.38801e-009
28 32 1.19944e-009
28 33 0.0284549
28 34 -0.0775949
28 35 0.245443
28 36 0.174913
28 37 -1.46055e-009
28 38 1.95944e-009
28 39 1.24289e-009
28 40 -3.88336e-009
28 41 -0.00349931
28 42 0.0121029
28 43 -0.07386
28 44 -0.0168877
28 45 1.6558e-009
28 46 8.43504e-012
28 47 -7.34052e-010
28 48 -5.03228e-010
28 49 1.92578e-009
28 50 -4.35895e-009
28 51 2.38529e-009
28 52 7.35045e-009
28 53 8.64568e-009
28 54 7.93525e-009
28 55 -1.22221e-009
28 56 1.61513e-009
28 57 -1.61781e-009
28 58 -1.24872e-009
28 59 2.24392e-009
28 60 -1.32998e-009
28 61 -4.74404e-009
28 62 1.31302e-009
28 63 4.97689e-009
28 64 1.52772e-008
28 65 9.30454e-009
28 66 1.78333e-009
29 0 0
29 1 -6.96356e-011
29 2 -1.44683e-010
29 3 2.14319e-010
29 4 -2.36296e-010
29 5 -1.79261e-011
29 6 -6.42044e-010
29 7 -3.79364e-010
29 8 3.96855e-010
29 9 -3.51201e-010
29 10 -1.14261e-009
29 11 3.77334e-010
29 12 -2.54479e-010
29 13 1.37689e-012
29 14 5.66938e-010
29 15 -1.8681e-010
29 16 3.44528e-010
29 17 -2.11203e-010
29 18 2.18091e-010
29 19 2.15134e-010
29 20 -9.37965e-011
29 21 1.02669e-009
29 22 0.0418121
29 23 3.63028e-010
29 24 3.17288e-010
29 25 -5.32387e-010
29 26 -5.68263e-011
29 27 -2.4278e-010
29 28 0.0608967
29 29 0.220779
29 30 -1.79279e-010
29 31 3.66866e-010
29 32 7.04291e-010
29 33 5.14477e-010
29 34 -3.44301e-011
29 35 -0.0185054
29 36 0.111907
29 37 0.0358057
29 38 1.25172e-010
29 39 3.40035e-010
29 40 -9.38456e-010
29 41 -5.60372e-010
29 42 7.56813e-010
29 43 0.00321595
29 44 -0.0201686
29 45 0.272498
29 46 2.96736e-010
29 47 -2.23287e-010
29 48 1.72403e-010
29 49 8.7333e-010
29 50 9.90682e-011
29 51 -1.24328e-009
29 52 -0.000246875
29 53 0.00160233
29 54 -0.0221896
29 55 2.31501e-009
29 56 -8.05373e-010
29 57 6.73623e-011
29 58 -1.06013e-010
29 59 -2.21885e-010
29 60 2.20884e-010
29 61 6.85352e-010
29 62 -1.88341e-010
29 63 -8.95067e-010
29 64 -3.26637e-010
29 65 -3.37088e-010
29 66 2.01407e-010
30 0 0
30 1 1.42001e-009
30 2 -2.53304e-010
30 3 -1.16671e-009
30 4 -1.38989e-009
30 5 1.70387e-009
30 6 -1.54784e-009
30 7 -8.42654e-010
30 8 1.25924e-009
30 9 -2.39466e-010
30 10 -2.0821e-009
30 11 -1.46033e-011
30 12 -3.93303e-010
30 13 6.9773e-010
30 14 -1.04073e-009
30 15 -2.02661e-009
30 16 1.83116e-010
30 17 -1.54444e-009
30 18 2.62191e-010
30 19 1.67502e-009
30 20 -2.81192e-009
30 21 -1.52592e-009
30 22 -3.61584e-010
30 23 -0.148665
30 24 -0.144019
30 25 0.177385
30 26 -0.0397776
30 27 -1.99178e-009
30 28 -5.7011e-010
30 29 -1.79279e-010
30 30 0.365079
30 31 -0.134921
30 32 -0.425415
30 33 0.159513
30 34 1.66077e-009
30 35 1.21613e-009
30 36 3.93442e-010
30 37 5.52793e-010
30 38 -0.153453
30 39 -0.0613813
30 40 0.321828
30 41 -0.178774
30 42 2.45816e-009
30 43 4.46074e-009
30 44 3.76873e-009
30 45 1.96741e-009
30 46 3.6144e-010
30 47 -1.86723e-009
30 48 5.27685e-010
30 49 -0.0803534
30 50 0.0564247
30 51 -8.79137e-010
30 52 1.22655e-009
30 53 5.47133e-009
30 54 5.09276e-009
30 55 1.90318e-009
30 56 -5.01677e-010
30 57 4.24589e-010
30 58 -4.95582e-010
30 59 2.40001e-010
30 60 1.08848e-009
30 61 -3.38388e-009
30 62 -1.37216e-009
30 63 3.89367e-009
30 64 5.41717e-009
30 65 2.37184e-009
30 66 -3.54341e-010
31 0 0
31 1 1.12044e-010
31 2 -2.53304e-010
31 3 1.4126e-010
31 4 -3.62096e-011
31 5 3.50183e-010
31 6 2.63947e-010
31 7 2.67736e-010
31 8 -1.43563e-010
31 9 6.34966e-010
31 10 4.31093e-010
31 11 5.19868e-011
31 12 -3.42108e-010
31 13 -3.4318e-010
31 14 -3.71776e-011
31 15 -1.88808e-010
31 16 -1.91769e-010
31 17 2.40387e-010
31 18 -7.20695e-010
31 19 -4.91465e-010
31 20 9.85693e-010
31 21 8.13355e-010
31 22 2.5789e-010
31 23 0.0603953
31 24 0.148665
31 25 -0.0886923
31 26 -0.0397776
31 27 2.26561e-009
31 28 1.38801e-009
31 29 3.66866e-010
31 30 -0.134921
31 31 0.365079
31 32 0.347695
31 33 0.159513
31 34 5.15368e-010
31 35 1.56377e-009
31 36 3.86167e-010
31 37 -3.75497e-010
31 38 0.132993
31 39 0.153453
31 40 -0.405998
31 41 -0.178774
31 42 -2.45788e-009
31 43 -1.37478e-009
31 44 -1.33832e-009
31 45 -9.18343e-010
31 46 -4.66171e-010
31 47 5.68852e-010
31 48 -1.40698e-009
31 49 0.144636
31 50 0.0564247
31 51 -5.87318e-010
31 52 -6.89543e-010
31 53 -2.1788e-009
31 54 -2.59725e-009
31 55 -1.52172e-009
31 56 3.76759e-010
31 57 4.9115e-010
31 58 9.2722e-010
31 59 6.45541e-011
31 60 1.90396e-009
31 61 2.10904e-009
31 62 -9.9234e-010
31 63 -6.2254e-010
31 64 -1.26087e-009
31 65 -1.6359e-009
31 66 -1.17239e-010
32 0 0
32 1 -2.04664e-009
32 2 4.72595e-010
32 3 1.57404e-009
32 4 2.18029e-009
32 5 -2.19173e-009
32 6 2.07605e-009
32 7 1.66899e-009
32 8 -1.22454e-009
32 9 1.261e-009
32 10 3.49791e-009
32 11 -1.81846e-011
32 12 6.19078e-010
32 13 -3.89067e-010
32 14 9.51962e-010
32 15 2.98017e-009
32 16 -7.61533e-010
32 17 -0.0619441
32 18 0.144536
32 19 0.0578241
32 20 0.0314337
32 21 -0.00551842
32 22 7.84706e-010
32 23 0.305534
32 24 0.405623
32 25 -0.55839
32 26 -0.109
32 27 0.0632148
32 28 1.19944e-009
32 29 7.04291e-010
32 30 -0.425415
32 31 0.347695
32 32 1
32 33 0.0232902
32 34 -0.181015
32 35 -1.15708e-009
32 36 -2.59363e-010
32 37 -1.23128e-009
32 38 0.174
32 39 0.0966664
32 40 -0.589483
32 41 0.115176
32 42 0.170724
32 43 -6.15669e-009
32 44 -6.88994e-009
32 45 -3.98021e-009
32 46 -1.04588e-009
32 47 1.6736e-009
32 48 -1.07053e-009
32 49 0.106298
32 50 -0.0533163
32 51 -0.0441541
32 52 1.42652e-009
32 53 -9.26617e-009
32 54 -1.05305e-008
32 55 -4.34373e-009
32 56 1.1841e-009
32 57 -7.83496e-010
32 58 -9.36925e-011
32 59 -8.86009e-011
32 60 -6.0666e-010
32 61 4.37904e-009
32 62 9.5114e-011
32 63 -4.93437e-009
32 64 -9.30274e-009
32 65 -4.32808e-009
32 66 9.60763e-010
33 0 0
33 1 4.51382e-009
33 2 -1.93169e-009
33 3 -2.58213e-009
33 4 -5.59473e-009
33 5 5.88928e-009
33 6 -4.18491e-009
33 7 -1.37287e-009
33 8 2.29347e-009
33 9 4.79988e-010
33 10 -6.81972e-009
33 11 6.18349e-010
33 12 -2.52168e-009
33 13 2.2402e-009
33 14 -1.44814e-009
33 15 -4.52798e-009
33 16 -0.000945424
33 17 0.0463258
33 18 0.0463258
33 19 -0.0589698
33 20 -0.07916
33 21 0.0176873
33 22 2.93875e-010
33 23 -0.169404
33 24 0.169404
33 25 0.128933
33 26 -0.255566
33 27 -0.119304
33 28 0.0284549
33 29 5.14477e-010
33 30 0.159513
33 31 0.159513
33 32 0.0232902
33 33 1
33 34 0.0731119
33 35 -0.135468
33 36 4.52315e-009
33 37 -1.89782e-013
33 38 -0.0464743
33 39 0.0464743
33 40 -0.103602
33 41 -0.357729
33 42 0.175102
33 43 0.171141
33 44 9.80624e-009
33 45 2.03394e-009
33 46 -3.66483e-010
33 47 -1.87876e-009
33 48 2.39991e-010
33 49 0.0365034
33 50 -0.0183092
33 51 -0.0707598
33 52 -0.0387724
33 53 9.49114e-009
33 54 3.49074e-009
33 55 -1.41644e-009
33 56 -9.99704e-012
33 57 3.22318e-009
33 58 -1.05475e-009
33 59 -2.06073e-009
33 60 5.46546e-009
33 61 -4.37587e-010
