0 0 2
0 1 0.666667
0 2 0.666667
0 3 0.666667
0 4 -0.408248
0 5 -0.408248
0 6 -0.408248
0 7 -2.24699e-010
0 8 0.105409
0 9 -0.105409
0 10 -0.316228
0 11 -1.06933e-011
0 12 2.55174e-010
0 13 -2.7852e-011
0 14 0.0916974
0 15 5.14761e-011
0 16 1.76906e-010
0 17 3.07208e-010
0 18 -3.62677e-010
0 19 -5.29866e-010
0 20 4.51599e-010
0 21 -1.20357e-010
0 22 -3.8135e-011
0 23 -2.9545e-010
0 24 -5.21285e-011
0 25 3.41007e-010
0 26 -2.45886e-010
0 27 -4.03539e-010
0 28 -1.5646e-010
0 29 -2.09206e-010
0 30 -2.50251e-010
0 31 3.58509e-010
0 32 3.67381e-010
0 33 -1.28606e-010
0 34 -4.83089e-010
0 35 -1.2596e-009
0 36 -3.06209e-010
0 37 3.59981e-012
0 38 3.12022e-010
0 39 1.44843e-010
0 40 -4.28402e-010
0 41 9.62809e-011
0 42 5.98282e-011
0 43 -7.42724e-010
0 44 -7.34726e-010
0 45 -4.53187e-010
0 46 1.78511e-010
0 47 1.91853e-010
0 48 -3.35448e-010
0 49 -2.30325e-010
0 50 4.94561e-011
0 51 5.58033e-010
0 52 3.47418e-010
0 53 -7.23308e-010
0 54 1.23915e-010
0 55 5.25666e-011
0 56 3.06358e-012
0 57 -3.07213e-010
0 58 -2.44321e-010
0 59 4.73656e-010
0 60 6.48396e-011
0 61 9.01677e-011
0 62 6.20672e-010
0 63 7.84298e-011
0 64 -4.7934e-011
0 65 2.21972e-010
0 66 6.15105e-010
1 0 0.666667
1 1 0.333333
1 2 0.166667
1 3 0.166667
1 4 -0.163299
1 5 -0.0816497
1 6 -0.163299
1 7 0.0351364
1 8 0.0351364
1 9 -0.0702728
1 10 -0.105409
1 11 -1.71796e-011
1 12 -0.00593914
1 13 -0.0118783
1 14 0.0523985
1 15 0.0356348
1 16 1.04615e-010
1 17 7.23877e-011
1 18 -1.29931e-010
1 19 -0.00857241
1 20 -0.00732291
1 21 4.06986e-011
1 22 1.30706e-011
1 23 1.5198e-011
1 24 -9.23281e-012
1 25 6.49457e-011
1 26 2.16374e-012
1 27 9.34139e-011
1 28 8.85781e-011
1 29 -9.33171e-011
1 30 -6.71819e-011
1 31 1.42665e-010
1 32 1.02659e-010
1 33 -5.23725e-011
1 34 -9.52734e-011
1 35 -2.29656e-010
1 36 -1.39742e-011
1 37 -1.2404e-011
1 38 7.51278e-012
1 39 4.73997e-011
1 40 -1.06387e-010
1 41 -8.669e-011
1 42 -9.80175e-011
1 43 -5.67818e-011
1 44 -1.19279e-010
1 45 -1.8907e-010
1 46 7.90131e-011
1 47 6.02096e-011
1 48 -1.4374e-010
1 49 -8.00638e-011
1 50 3.33442e-011
1 51 9.91697e-011
1 52 7.35123e-011
1 53 -7.50048e-011
1 54 9.72542e-011
1 55 -3.86069e-011
1 56 8.02823e-012
1 57 -2.36158e-011
1 58 -1.0235e-010
1 59 1.51498e-010
1 60 1.66403e-010
1 61 9.22429e-011
1 62 1.46879e-011
1 63 6.51123e-011
1 64 9.44927e-012
1 65 -1.69229e-011
1 66 2.46077e-010
2 0 0.666667
2 1 0.166667
2 2 0.333333
2 3 0.166667
2 4 -0.163299
2 5 -0.163299
2 6 -0.0816497
2 7 -0.0351364
2 8 0.0702728
2 9 -0.0351364
2 10 -0.105409
2 11 1.78337e-011
2 12 -0.0118783
2 13 -0.00593914
2 14 0.0523985
2 15 -0.0356348
2 16 8.30879e-011
2 17 1.22075e-010
2 18 -7.23877e-011
2 19 -0.00857241
2 20 0.00732291
2 21 -7.49948e-011
2 22 -3.48614e-011
2 23 -1.5143e-010
2 24 1.5198e-011
2 25 1.11862e-010
2 26 -1.95229e-010
2 27 -2.63719e-010
2 28 -5.50964e-011
2 29 -9.64499e-011
2 30 -8.5554e-011
2 31 6.71819e-011
2 32 1.34619e-010
2 33 5.56108e-012
2 34 -1.52358e-010
2 35 -5.41935e-010
2 36 -1.61502e-010
2 37 1.41402e-011
2 38 1.48197e-010
2 39 7.51277e-012
2 40 -1.24987e-010
2 41 1.5222e-010
2 42 9.76598e-011
2 43 -3.18801e-010
2 44 -3.039e-010
2 45 -2.16373e-010
2 46 8.10785e-011
2 47 5.27969e-011
2 48 -6.02096e-011
2 49 -7.40242e-011
2 50 -4.41536e-011
2 51 1.85401e-010
2 52 1.42525e-010
2 53 -3.46962e-010
2 54 3.78086e-011
2 55 6.4357e-011
2 56 -6.29865e-012
2 57 -1.25531e-010
2 58 -2.36158e-011
2 59 1.09022e-010
2 60 -8.60106e-011
2 61 -1.74019e-011
2 62 2.61523e-010
2 63 -2.97704e-011
2 64 -1.7422e-011
2 65 1.27368e-010
2 66 2.77328e-010
3 0 0.666667
3 1 0.166667
3 2 0.166667
3 3 0.333333
3 4 -0.0816497
3 5 -0.163299
3 6 -0.163299
3 7 7.25088e-012
3 8 -1.12885e-010
3 9 1.76228e-010
3 10 -0.105409
3 11 -1.13474e-011
3 12 0.0178174
3 13 0.0178174
3 14 -0.0130996
3 15 9.31923e-011
3 16 -1.07968e-011
3 17 1.12746e-010
3 18 -1.60357e-010
3 19 0.0171448
3 20 1.26866e-010
3 21 -8.60606e-011
3 22 -1.63442e-011
3 23 -1.59219e-010
3 24 -5.80937e-011
3 25 1.642e-010
3 26 -5.28208e-011
3 27 -2.33234e-010
3 28 -1.89942e-010
3 29 -1.94386e-011
3 30 -9.75148e-011
3 31 1.48663e-010
3 32 1.30103e-010
3 33 -8.17946e-011
3 34 -2.35458e-010
3 35 -4.88007e-010
3 36 -1.30734e-010
3 37 1.86364e-012
3 38 1.56313e-010
3 39 8.9931e-011
3 40 -1.97029e-010
3 41 3.07506e-011
3 42 6.0186e-011
3 43 -3.67142e-010
3 44 -3.11546e-010
3 45 -4.77437e-011
3 46 1.84192e-011
3 47 7.88459e-011
3 48 -1.31498e-010
3 49 -7.62366e-011
3 50 6.02654e-011
3 51 2.73463e-010
3 52 1.31381e-010
3 53 -3.01341e-010
3 54 -1.11474e-011
3 55 2.68164e-011
3 56 1.334e-012
3 57 -1.58066e-010
3 58 -1.18356e-010
3 59 2.13136e-010
3 60 -1.55532e-011
3 61 1.53267e-011
3 62 3.44461e-010
3 63 4.30879e-011
3 64 -3.99612e-011
3 65 1.11526e-010
3 66 9.16998e-011
4 0 -0.408248
4 1 -0.163299
4 2 -0.163299
4 3 -0.0816497
4 4 0.133333
4 5 0.0666667
4 6 0.0666667
4 7 1.2525e-010
4 8 -0.0368856
4 9 0.0368856
4 10 0.0737711
4 11 -0.0109109
4 12 0.0109109
4 13 0.0109109
4 14 -0.0481311
4 15 1.01837e-011
4 16 -1.19782e-010
4 17 -0.00137464
4 18 0.00137464
4 19 0.0139987
4 20 -1.93756e-010
4 21 -0.0128586
4 22 4.94356e-012
4 23 -1.57792e-011
4 24 -1.53578e-011
4 25 -0.00165788
4 26 1.12158e-010
4 27 0.00194404
4 28 -1.186e-010
4 29 1.06033e-010
4 30 5.25699e-011
4 31 -4.27649e-011
4 32 -7.81175e-011
4 33 3.64608e-011
4 34 3.09481e-011
4 35 2.17063e-010
4 36 4.02559e-011
4 37 -1.09e-013
4 38 -3.77218e-012
4 39 7.78322e-013
4 40 4.05716e-011
4 41 -3.97911e-011
4 42 3.07563e-011
4 43 3.86367e-011
4 44 9.89752e-011
4 45 2.28678e-010
4 46 -8.79108e-011
4 47 -3.75364e-011
4 48 4.8265e-011
4 49 5.49163e-011
4 50 -2.21259e-012
4 51 -3.41022e-011
4 52 -6.34936e-011
4 53 1.03417e-010
4 54 -6.6881e-011
4 55 -2.03476e-012
4 56 -3.73767e-013
4 57 2.771e-012
4 58 2.40846e-011
4 59 -5.01033e-011
4 60 -4.16596e-011
4 61 -3.76844e-011
4 62 1.00926e-011
4 63 3.95146e-013
4 64 1.79078e-011
4 65 -1.04997e-011
4 66 -2.71569e-010
5 0 -0.408248
5 1 -0.0816497
5 2 -0.163299
5 3 -0.163299
5 4 0.0666667
5 5 0.133333
5 6 0.0666667
5 7 0.0122952
5 8 -0.0245904
5 9 0.0122952
5 10 0.0737711
5 11 1.73193e-011
5 12 -0.0145479
5 13 -0.00727393
5 14 -0.00802185
5 15 0.0218218
5 16 9.31299e-012
5 17 0.00549857
5 18 -0.00274929
5 19 -0.0139987
5 20 0.00597913
5 21 1.35772e-010
5 22 2.11154e-011
5 23 1.86694e-010
5 24 -6.09038e-012
5 25 0.00414471
5 26 -0.003253
5 27 2.98882e-010
5 28 1.94733e-010
5 29 2.27336e-011
5 30 7.83461e-011
5 31 -6.92265e-011
5 32 -1.32099e-010
5 33 -5.03139e-012
5 34 1.96097e-010
5 35 5.11107e-010
5 36 1.45587e-010
5 37 -5.58887e-012
5 38 -1.72926e-010
5 39 -1.54086e-011
5 40 1.31221e-010
5 41 -1.47338e-010
5 42 -1.30807e-010
5 43 3.89467e-010
5 44 3.39723e-010
5 45 6.11895e-011
5 46 -2.03418e-011
5 47 -5.86806e-011
5 48 6.16815e-011
5 49 8.23948e-011
5 50 2.68113e-011
5 51 -2.32834e-010
5 52 -1.29617e-010
5 53 3.66955e-010
5 54 2.27434e-011
5 55 -4.75451e-011
5 56 3.21787e-013
5 57 1.64593e-010
5 58 3.0991e-011
5 59 -1.4031e-010
5 60 1.38596e-010
5 61 5.57637e-011
5 62 -3.62193e-010
5 63 1.77471e-011
5 64 2.2981e-011
5 65 -1.56853e-010
5 66 -9.92215e-011
6 0 -0.408248
6 1 -0.163299
6 2 -0.0816497
6 3 -0.163299
6 4 0.0666667
6 5 0.0666667
6 6 0.133333
6 7 -0.0122952
6 8 -0.0122952
6 9 0.0245904
6 10 0.0737711
6 11 -9.39894e-012
6 12 -0.00727393
6 13 -0.0145479
6 14 -0.00802185
6 15 -0.0218218
6 16 -1.49724e-011
6 17 0.00274929
6 18 -0.00549857
6 19 -0.0139987
6 20 -0.00597913
6 21 -5.57864e-011
6 22 1.82704e-012
6 23 -6.09038e-012
6 24 4.96143e-011
6 25 0.00414471
6 26 0.003253
6 27 -4.28607e-011
6 28 3.26746e-011
6 29 1.98649e-011
6 30 6.92265e-011
6 31 -1.46198e-010
6 32 -8.29079e-011
6 33 1.09085e-010
6 34 1.00777e-010
6 35 1.58949e-010
6 36 3.85204e-011
6 37 3.35269e-012
6 38 -1.54086e-011
6 39 -8.21964e-011
6 40 1.29459e-010
6 41 1.03424e-010
6 42 8.72217e-011
6 43 9.41376e-011
6 44 1.01558e-010
6 45 3.73709e-011
6 46 -1.80496e-011
6 47 -6.16815e-011
6 48 1.31744e-010
6 49 5.12298e-011
6 50 -9.89455e-011
6 51 -1.1042e-010
6 52 -5.16056e-011
6 53 6.62886e-011
6 54 -2.27112e-011
6 55 1.49785e-011
6 56 -2.16952e-012
6 57 3.0991e-011
6 58 1.14032e-010
6 59 -1.46871e-010
6 60 -1.27742e-010
6 61 -1.04884e-010
6 62 -8.39177e-011
6 63 -6.7013e-011
6 64 2.63648e-011
6 65 1.97104e-011
6 66 -6.45405e-011
7 0 -2.24699e-010
7 1 0.0351364
7 2 -0.0351364
7 3 7.25088e-012
7 4 1.2525e-010
7 5 0.0122952
7 6 -0.0122952
7 7 0.0238095
7 8 -0.00793651
7 9 -0.00793651
7 10 5.55566e-012
7 11 -4.58928e-011
7 12 0.0031302
7 13 -0.0031302
7 14 -8.26652e-011
7 15 0.0187812
7 16 -0.00425918
7 17 -0.000709863
7 18 -0.000709863
7 19 9.25742e-011
7 20 -0.00926283
7 21 -3.50365e-011
7 22 2.66827e-011
7 23 7.13439e-005
7 24 -7.13439e-005
7 25 -3.29414e-011
7 26 0.00229069
7 27 5.83342e-011
7 28 -0.00561103
7 29 7.71199e-013
7 30 1.55709e-011
7 31 7.44527e-012
7 32 -1.18266e-011
7 33 -0.000234893
7 34 -1.78238e-011
7 35 0.000663091
7 36 5.64273e-011
7 37 -1.54672e-011
7 38 -9.68374e-012
7 39 1.23918e-013
7 40 1.26865e-011
7 41 -4.00123e-011
7 42 -1.14265e-011
7 43 3.19473e-011
7 44 1.44901e-011
7 45 7.41598e-012
7 46 -2.72883e-013
7 47 -2.20971e-012
7 48 -1.80776e-011
7 49 -1.09753e-011
7 50 -1.31179e-011
7 51 1.25315e-011
7 52 -8.28214e-012
7 53 4.83699e-011
7 54 1.99092e-011
7 55 -4.27862e-011
7 56 9.74584e-012
7 57 -3.94153e-012
7 58 -1.83125e-011
7 59 2.84244e-011
7 60 4.14497e-011
7 61 -1.92659e-011
7 62 -3.00601e-011
7 63 2.77253e-011
7 64 2.3061e-011
7 65 -4.97602e-012
7 66 -4.12963e-012
8 0 0.105409
8 1 0.0351364
8 2 0.0702728
8 3 -1.12885e-010
8 4 -0.0368856
8 5 -0.0245904
8 6 -0.0122952
8 7 -0.00793651
8 8 0.031746
8 9 -0.015873
8 10 -0.0238095
8 11 1.0692e-011
8 12 -0.0062604
8 13 -0.0031302
8 14 0.0241644
8 15 -0.0093906
8 16 2.26735e-011
8 17 -0.00709863
8 18 0.00354931
8 19 -7.37421e-011
8 20 0.00463142
8 21 1.60526e-011
8 22 -7.19562e-012
8 23 0.00285376
8 24 0.00142688
8 25 -0.00729654
8 26 0.00343604
8 27 -2.28325e-012
8 28 9.21512e-012
8 29 -2.25722e-011
8 30 -2.71202e-011
8 31 1.46837e-011
8 32 0.00219859
8 33 -0.00164425
8 34 -6.82278e-012
8 35 -7.88732e-011
8 36 -3.02844e-011
8 37 2.86296e-012
8 38 7.62194e-013
8 39 -6.47991e-012
8 40 -1.57927e-011
8 41 2.96023e-011
8 42 -1.06777e-011
8 43 -3.57083e-011
8 44 -5.35286e-011
8 45 -5.19203e-011
8 46 1.85897e-011
8 47 2.03707e-011
8 48 -1.35417e-011
8 49 -2.75767e-011
8 50 1.02685e-011
8 51 8.64909e-012
8 52 2.12911e-011
8 53 -6.465e-011
8 54 2.57896e-012
8 55 9.29424e-012
8 56 -1.55151e-012
8 57 -1.76485e-012
8 58 1.88979e-012
8 59 1.34425e-011
8 60 -1.32679e-011
8 61 1.81531e-011
8 62 2.4133e-011
8 63 -1.02873e-011
8 64 -1.75664e-011
8 65 8.11752e-012
8 66 6.02106e-011
9 0 -0.105409
9 1 -0.0702728
9 2 -0.0351364
9 3 1.76228e-010
9 4 0.0368856
9 5 0.0122952
9 6 0.0245904
9 7 -0.00793651
9 8 -0.015873
9 9 0.031746
9 10 0.0238095
9 11 1.44622e-012
9 12 0.0031302
9 13 0.0062604
9 14 -0.0241644
9 15 -0.0093906
9 16 -2.51511e-011
9 17 0.00354931
9 18 -0.00709863
9 19 4.3129e-011
9 20 0.00463142
9 21 -2.37447e-011
9 22 -2.95005e-012
9 23 -0.00142688
9 24 -0.00285376
9 25 0.00729654
9 26 0.00343604
9 27 -5.03712e-011
9 28 -2.57748e-011
9 29 2.15067e-011
9 30 1.46837e-011
9 31 -3.40111e-011
9 32 -0.00219859
9 33 -0.00164425
9 34 3.1206e-012
9 35 4.27974e-011
9 36 4.58295e-012
9 37 2.95718e-012
9 38 6.47991e-012
9 39 1.4762e-011
9 40 1.11928e-011
9 41 1.77639e-011
9 42 3.59618e-011
9 43 5.27854e-012
9 44 3.34326e-011
9 45 4.13812e-011
9 46 -1.83118e-011
9 47 -1.35417e-011
9 48 3.53961e-011
9 49 3.27466e-011
9 50 2.14161e-011
9 51 -5.57358e-013
9 52 -1.3515e-011
9 53 2.92366e-011
9 54 -3.2309e-011
9 55 1.00569e-011
9 56 -1.86027e-012
9 57 -1.88979e-012
9 58 1.63433e-012
9 59 -2.36535e-011
9 60 -3.52891e-011
9 61 -2.78634e-011
9 62 4.46895e-012
9 63 -4.40077e-012
9 64 -2.12232e-011
9 65 8.69776e-012
9 66 -5.60057e-011
10 0 -0.316228
10 1 -0.105409
10 2 -0.105409
10 3 -0.105409
10 4 0.0737711
10 5 0.0737711
10 6 0.0737711
10 7 5.55566e-012
10 8 -0.0238095
10 9 0.0238095
10 10 0.0714286
10 11 -0.0046953
10 12 -0.0046953
10 13 -0.0046953
10 14 -0.0207123
10 15 -1.19148e-010
10 16 -3.16971e-011
10 17 0.00532397
10 18 -0.00532397
10 19 -0.0108433
10 20 -1.86933e-010
10 21 -0.00996024
10 22 8.32187e-012
10 23 -0.00107016
10 24 -0.00107016
10 25 0.0075884
10 26 8.15806e-011
10 27 -0.00342238
10 28 2.42695e-011
10 29 3.7989e-011
10 30 8.484e-011
10 31 -7.12423e-011
10 32 -0.00131915
10 33 1.09984e-010
10 34 0.00122079
10 35 2.15029e-010
10 36 6.76156e-011
10 37 -2.7939e-013
10 38 -4.53167e-012
10 39 -1.55871e-011
10 40 7.23103e-011
10 41 -4.44555e-011
10 42 4.14474e-011
10 43 1.25294e-010
10 44 1.65613e-010
10 45 9.15805e-011
10 46 -3.14953e-011
10 47 -7.29053e-011
10 48 6.6853e-011
10 49 8.57253e-011
10 50 -7.80983e-011
10 51 -6.76605e-011
10 52 -5.93694e-011
10 53 1.71503e-010
10 54 1.48469e-011
10 55 -4.70694e-012
10 56 -6.35498e-013
10 57 2.06971e-011
10 58 3.64821e-011
10 59 -8.73724e-011
10 60 1.51247e-011
10 61 -5.64664e-011
10 62 -1.03994e-010
10 63 -2.16691e-012
10 64 6.72246e-011
10 65 -2.25757e-011
10 66 -1.08743e-010
11 0 -1.06933e-011
11 1 -1.71796e-011
11 2 1.78337e-011
11 3 -1.13474e-011
11 4 -0.0109109
11 5 1.73193e-011
11 6 -9.39894e-012
11 7 -4.58928e-011
11 8 1.0692e-011
11 9 1.44622e-012
11 10 -0.0046953
11 11 0.00888889
11 12 -1.79508e-011
11 13 1.23503e-011
11 14 0.00408453
11 15 -2.34509e-011
11 16 4.12044e-011
11 17 2.99268e-012
11 18 1.1737e-011
11 19 -0.00194394
11 20 4.15895e-011
11 21 0.00857099
11 22 -0.00211038
11 23 5.59741e-012
11 24 7.06947e-013
11 25 0.000575558
11 26 -2.84652e-011
11 27 -0.00323953
11 28 5.93077e-011
11 29 -3.33768e-011
11 30 1.15563e-012
11 31 -6.74402e-012
11 32 -0.000100054
11 33 4.50781e-012
11 34 0.000666674
11 35 -2.22547e-011
11 36 -0.00304138
11 37 -5.62207e-014
11 38 -4.50428e-012
11 39 -2.86156e-012
11 40 7.86404e-006
11 41 7.54106e-012
11 42 -5.89249e-005
11 43 2.49812e-011
11 44 0.000293644
11 45 -7.05046e-011
11 46 2.75146e-011
11 47 -3.89193e-012
11 48 2.88302e-012
11 49 2.59364e-012
11 50 -1.20499e-011
11 51 -8.35853e-012
11 52 7.6836e-012
11 53 9.59265e-012
11 54 2.69962e-011
11 55 -8.12087e-013
11 56 -4.1991e-014
11 57 8.59641e-012
11 58 -1.91577e-013
11 59 -6.65115e-012
11 60 1.80629e-011
11 61 -6.76183e-013
11 62 -3.89482e-011
11 63 -1.28356e-012
11 64 3.6759e-012
11 65 -3.3891e-012
11 66 8.13307e-011
12 0 2.55174e-010
12 1 -0.00593914
12 2 -0.0118783
12 3 0.0178174
12 4 0.0109109
12 5 -0.0145479
12 6 -0.00727393
12 7 0.0031302
12 8 -0.0062604
12 9 0.0031302
12 10 -0.0046953
12 11 -1.79508e-011
12 12 0.0148148
12 13 0.00740741
12 14 -0.0122536
12 15 4.11562e-011
12 16 -3.52099e-011
12 17 -0.00305426
12 18 0.00152713
12 19 0.0126356
12 20 -0.00581209
12 21 -6.60314e-011
12 22 -2.20266e-012
12 23 -0.00422076
12 24 -0.00211038
12 25 0.000575558
12 26 0.00180692
12 27 -1.11063e-010
12 28 -1.12951e-010
12 29 1.81155e-011
12 30 0.00176479
12 31 -0.000882395
12 32 -0.00450244
12 33 0.00224481
12 34 -8.00562e-011
12 35 -1.58296e-010
12 36 -4.26093e-011
12 37 -1.12539e-012
12 38 6.57831e-011
12 39 7.84101e-012
12 40 0.00137621
12 41 -0.000993819
12 42 5.47824e-011
12 43 -1.53364e-010
12 44 -1.24798e-010
12 45 3.37271e-011
12 46 -1.43931e-011
12 47 2.14508e-011
12 48 -2.0909e-011
12 49 -3.01575e-011
12 50 -2.83573e-012
12 51 9.34892e-011
12 52 3.83743e-011
12 53 -1.28299e-010
12 54 -2.85766e-011
12 55 9.87657e-012
12 56 1.97188e-012
12 57 -6.80117e-011
12 58 -1.28129e-011
12 59 5.72787e-011
12 60 -6.41169e-011
12 61 -3.17796e-011
12 62 1.54778e-010
12 63 -1.68783e-012
12 64 -9.5325e-012
12 65 6.21216e-011
12 66 -2.91215e-011
13 0 -2.7852e-011
13 1 -0.0118783
13 2 -0.00593914
13 3 0.0178174
13 4 0.0109109
13 5 -0.00727393
13 6 -0.0145479
13 7 -0.0031302
13 8 -0.0031302
13 9 0.0062604
13 10 -0.0046953
13 11 1.23503e-011
13 12 0.00740741
13 13 0.0148148
13 14 -0.0122536
13 15 4.73271e-011
13 16 -2.622e-011
13 17 -0.00152713
13 18 0.00305426
13 19 0.0126356
13 20 0.00581209
13 21 2.36942e-011
13 22 -5.78449e-012
13 23 -0.00211038
13 24 -0.00422076
13 25 0.000575559
13 26 -0.00180692
13 27 -3.40529e-012
13 28 -5.2968e-011
13 29 1.89723e-011
13 30 0.000882395
13 31 -0.00176479
13 32 -0.00450244
13 33 -0.00224481
13 34 -3.52391e-011
13 35 -2.79752e-011
13 36 -2.12735e-011
13 37 2.03871e-012
13 38 7.84101e-012
13 39 3.9281e-011
13 40 0.00137621
13 41 0.000993819
13 42 -2.5089e-011
13 43 -4.41196e-011
13 44 -2.74215e-011
13 45 4.03919e-011
13 46 -1.52299e-011
13 47 2.0909e-011
13 48 -3.93949e-011
13 49 -6.91462e-012
13 50 5.55313e-011
13 51 4.04263e-011
13 52 9.44772e-012
13 53 -1.88898e-011
13 54 -1.84104e-011
13 55 3.26304e-012
13 56 -1.31983e-012
13 57 -1.28129e-011
13 58 -4.1771e-011
13 59 4.69594e-011
13 60 2.8799e-011
13 61 3.90795e-011
13 62 5.18235e-011
13 63 2.28213e-011
13 64 -2.1172e-011
13 65 -7.48723e-012
13 66 -4.17827e-011
14 0 0.0916974
14 1 0.0523985
14 2 0.0523985
14 3 -0.0130996
14 4 -0.0481311
14 5 -0.00802185
14 6 -0.00802185
14 7 -8.26652e-011
14 8 0.0241644
14 9 -0.0241644
14 10 -0.0207123
14 11 0.00408453
14 12 -0.0122536
14 13 -0.0122536
14 14 0.036036
14 15 -8.20803e-011
14 16 6.24322e-011
14 17 -0.00294727
14 18 0.00294727
14 19 -0.0111479
14 20 1.55085e-011
14 21 0.00551383
14 22 1.21922e-012
14 23 0.00418927
14 24 0.00418927
14 25 -0.00812465
14 26 -2.57557e-011
14 27 -0.00297719
14 28 9.68827e-011
14 29 -4.90087e-011
14 30 -0.000973124
14 31 0.000973124
14 32 0.00626742
14 33 4.4217e-011
14 34 -0.00253243
14 35 -1.38395e-011
14 36 9.59405e-012
14 37 -2.39745e-013
14 38 -1.20545e-011
14 39 -2.2151e-011
14 40 -0.00121417
14 41 -6.36907e-013
14 42 0.000974755
14 43 5.23674e-011
14 44 2.21892e-011
14 45 -9.96146e-011
14 46 4.06332e-011
14 47 -1.09858e-011
14 48 -2.08471e-013
14 49 -1.37059e-012
14 50 -4.76872e-011
14 51 -3.1168e-011
14 52 6.27203e-012
14 53 1.976e-011
14 54 5.53658e-011
14 55 -3.34648e-012
14 56 -1.06082e-013
14 57 1.89545e-011
14 58 1.4238e-011
14 59 -1.90809e-011
14 60 3.81897e-011
14 61 6.17802e-012
14 62 -7.24695e-011
14 63 -6.18891e-012
14 64 3.00383e-011
14 65 -1.34663e-011
14 66 1.18307e-010
15 0 5.14761e-011
15 1 0.0356348
15 2 -0.0356348
15 3 9.31923e-011
15 4 1.01837e-011
15 5 0.0218218
15 6 -0.0218218
15 7 0.0187812
15 8 -0.0093906
15 9 -0.0093906
15 10 -1.19148e-010
15 11 -2.34509e-011
15 12 4.11562e-011
15 13 4.73271e-011
15 14 -8.20803e-011
15 15 0.0266667
15 16 -0.00274883
15 17 0.00183255
15 18 0.00183256
15 19 1.37409e-010
15 20 -0.00199272
15 21 5.59734e-012
15 22 2.13821e-011
15 23 -0.000759737
15 24 0.000759737
15 25 -7.30544e-012
15 26 -0.00542077
15 27 8.13935e-011
15 28 -0.00663906
15 29 2.25825e-012
15 30 0.000105887
15 31 0.000105887
15 32 -6.39606e-011
15 33 0.00243722
15 34 2.55521e-012
15 35 -0.00253479
15 36 7.33382e-011
15 37 -1.07689e-011
15 38 -1.50463e-011
15 39 2.52504e-011
15 40 4.96822e-012
15 41 -0.000340738
15 42 -3.66882e-011
15 43 0.000674246
15 44 1.08218e-010
15 45 2.14842e-011
15 46 -8.77904e-013
15 47 -3.06965e-011
15 48 -2.81935e-011
15 49 3.64892e-011
15 50 -2.76544e-011
15 51 -9.40258e-012
15 52 -2.71621e-011
15 53 1.51495e-010
15 54 5.65374e-011
15 55 -3.90191e-011
15 56 5.89581e-012
15 57 1.35812e-011
15 58 -3.85598e-011
15 59 1.43929e-011
15 60 1.28291e-010
15 61 1.06726e-011
15 62 -9.82858e-011
15 63 4.96768e-011
15 64 6.20343e-011
15 65 -4.58852e-011
15 66 -1.32837e-011
16 0 1.76906e-010
16 1 1.04615e-010
16 2 8.30879e-011
16 3 -1.07968e-011
16 4 -1.19782e-010
16 5 9.31299e-012
16 6 -1.49724e-011
16 7 -0.00425918
16 8 2.26735e-011
16 9 -2.51511e-011
16 10 -3.16971e-011
16 11 4.12044e-011
16 12 -3.52099e-011
16 13 -2.622e-011
16 14 6.24322e-011
16 15 -0.00274883
16 16 0.004329
16 17 1.89798e-011
16 18 -1.65208e-011
16 19 -5.98807e-011
16 20 0.00188294
16 21 4.34088e-011
16 22 -2.09765e-011
16 23 8.29982e-013
16 24 -4.48807e-012
16 25 3.04827e-011
16 26 -0.000788023
16 27 -2.61405e-011
16 28 0.00482563
16 29 -0.00120065
16 30 -4.94452e-012
16 31 2.53509e-012
16 32 -2.58738e-012
16 33 0.000207786
16 34 2.19343e-011
16 35 -0.00146642
16 36 -3.62136e-011
16 37 1.25597e-011
16 38 1.77106e-012
16 39 5.32551e-012
16 40 -1.12643e-011
16 41 -3.21967e-005
16 42 -5.42968e-012
16 43 0.000254841
16 44 1.65961e-011
16 45 -0.00186611
16 46 -2.46481e-015
16 47 -5.10717e-012
16 48 7.44638e-012
16 49 1.87427e-011
16 50 2.25821e-006
16 51 -1.92897e-011
16 52 -1.95631e-005
16 53 -5.36621e-012
16 54 0.000151957
16 55 3.13571e-011
16 56 -8.21804e-012
16 57 1.08034e-011
16 58 8.33056e-012
16 59 -2.45183e-011
16 60 -1.62166e-012
16 61 2.77321e-011
16 62 -9.02394e-013
16 63 -1.3841e-011
16 64 -4.60298e-012
16 65 -1.15234e-011
16 66 -3.73221e-014
17 0 3.07208e-010
17 1 7.23877e-011
17 2 1.22075e-010
17 3 1.12746e-010
17 4 -0.00137464
17 5 0.00549857
17 6 0.00274929
17 7 -0.000709863
17 8 -0.00709863
17 9 0.00354931
17 10 0.00532397
17 11 2.99268e-012
17 12 -0.00305426
17 13 -0.00152713
17 14 -0.00294727
17 15 0.00183255
17 16 1.89798e-011
17 17 0.00865801
17 18 -0.004329
17 19 -0.00771477
17 20 0.000941469
17 21 -2.20995e-012
17 22 1.37453e-013
17 23 -0.00184073
17 24 -0.000920364
17 25 0.00778126
17 26 -0.00394011
17 27 -7.7348e-012
17 28 4.47218e-011
17 29 -1.2051e-011
17 30 -0.00280152
17 31 0.00140076
17 32 0.000567254
17 33 0.000848458
17 34 1.36339e-011
17 35 3.9335e-011
17 36 1.79833e-011
17 37 1.36178e-012
17 38 0.00120372
17 39 0.000601862
17 40 -0.00305852
17 41 0.00157764
17 42 9.59028e-012
17 43 4.85082e-011
17 44 5.87421e-011
17 45 -2.06842e-011
17 46 1.01034e-011
17 47 -2.52291e-011
17 48 1.31283e-011
17 49 0.000945468
17 50 -0.000663913
17 51 -1.44555e-011
17 52 -8.93258e-012
17 53 6.24916e-011
17 54 2.75856e-011
17 55 1.35511e-012
17 56 -1.20489e-012
17 57 7.30942e-012
17 58 -1.65867e-012
17 59 -2.14867e-011
17 60 3.31765e-011
17 61 -9.35815e-012
17 62 -5.19651e-011
17 63 5.66784e-012
17 64 2.48217e-011
17 65 -1.15152e-011
17 66 2.58255e-011
18 0 -3.62677e-010
18 1 -1.29931e-010
18 2 -7.23877e-011
18 3 -1.60357e-010
18 4 0.00137464
18 5 -0.00274929
18 6 -0.00549857
18 7 -0.000709863
18 8 0.00354931
18 9 -0.00709863
18 10 -0.00532397
18 11 1.1737e-011
18 12 0.00152713
18 13 0.00305426
18 14 0.00294727
18 15 0.00183256
18 16 -1.65208e-011
18 17 -0.004329
18 18 0.00865801
18 19 0.00771477
18 20 0.000941469
18 21 3.52282e-011
18 22 -3.99434e-012
18 23 0.000920364
18 24 0.00184073
18 25 -0.00778126
18 26 -0.00394011
18 27 3.68047e-011
18 28 -2.82883e-011
18 29 1.30753e-011
18 30 0.00140076
18 31 -0.00280152
18 32 -0.000567254
18 33 0.000848458
18 34 2.89232e-012
18 35 -3.53807e-012
18 36 -1.59302e-011
18 37 1.28209e-012
18 38 -0.000601862
18 39 -0.00120372
18 40 0.00305852
18 41 0.00157764
18 42 -3.45042e-011
18 43 -1.8321e-011
18 44 -2.57619e-011
18 45 3.07957e-011
18 46 -1.03772e-011
18 47 1.31283e-011
18 48 -2.85566e-011
18 49 -0.000945468
18 50 -0.000663913
18 51 -4.2107e-012
18 52 1.20739e-012
18 53 -2.85532e-011
18 54 8.42725e-013
18 55 7.73541e-013
18 56 -9.03641e-013
18 57 1.65867e-012
18 58 2.86163e-012
18 59 1.49943e-011
18 60 1.40958e-011
18 61 3.45506e-011
18 62 2.35883e-011
18 63 2.94125e-013
18 64 1.19952e-011
18 65 -1.14655e-011
18 66 -2.99701e-011
19 0 -5.29866e-010
19 1 -0.00857241
19 2 -0.00857241
19 3 0.0171448
19 4 0.0139987
19 5 -0.0139987
19 6 -0.0139987
19 7 9.25742e-011
19 8 -7.37421e-011
19 9 4.3129e-011
19 10 -0.0108433
19 11 -0.00194394
19 12 0.0126356
19 13 0.0126356
19 14 -0.0111479
19 15 1.37409e-010
19 16 -5.98807e-011
19 17 -0.00771477
19 18 0.00771477
19 19 0.0224467
19 20 5.04641e-011
19 21 2.2658e-011
19 22 -5.4718e-012
19 23 -0.00187451
19 24 -0.00187451
19 25 -0.00725945
19 26 -2.94084e-013
19 27 0.00431618
19 28 -1.19728e-010
19 29 4.22231e-011
19 30 0.0030567
19 31 -0.0030567
19 32 -0.00577663
19 33 -9.07348e-011
19 34 -0.00106918
19 35 -6.26264e-011
19 36 -4.45194e-011
19 37 1.44989e-013
19 38 -0.000766133
19 39 -0.000766133
19 40 0.00470375
19 41 1.69507e-011
19 42 -0.00187112
19 43 -1.05649e-010
19 44 -1.09298e-010
19 45 8.05805e-011
19 46 -3.50077e-011
19 47 5.44006e-011
19 48 -3.93816e-011
19 49 -0.000962818
19 50 8.30711e-011
19 51 0.000699889
19 52 1.44862e-011
19 53 -1.13811e-010
19 54 -6.8778e-011
19 55 2.57757e-012
19 56 4.15314e-013
19 57 -1.62012e-011
19 58 -1.65636e-011
19 59 5.62262e-011
19 60 -4.92231e-011
19 61 3.99415e-011
19 62 1.20881e-010
19 63 2.81555e-013
19 64 -5.89059e-011
19 65 1.2866e-011
19 66 -9.57099e-011
20 0 4.51599e-010
20 1 -0.00732291
20 2 0.00732291
20 3 1.26866e-010
20 4 -1.93756e-010
20 5 0.00597913
20 6 -0.00597913
20 7 -0.00926283
20 8 0.00463142
20 9 0.00463142
20 10 -1.86933e-010
20 11 4.15895e-011
20 12 -0.00581209
20 13 0.00581209
20 14 1.55085e-011
20 15 -0.00199272
20 16 0.00188294
20 17 0.000941469
20 18 0.000941469
20 19 5.04641e-011
20 20 0.014742
20 21 6.67939e-011
20 22 -1.26281e-011
20 23 0.00136109
20 24 -0.00136109
20 25 4.40592e-011
20 26 -0.00308482
20 27 2.40561e-011
20 28 0.00209895
20 29 1.58989e-012
20 30 -0.00078335
20 31 -0.00078335
20 32 -7.56448e-011
20 33 -0.00432309
20 34 3.35436e-011
20 35 -0.00297655
20 36 1.52255e-011
20 37 9.74428e-012
20 38 0.000130893
20 39 -0.000130893
20 40 -1.37553e-011
20 41 0.00252076
20 42 -3.56454e-011
20 43 -0.00188437
20 44 1.37195e-010
20 45 1.44545e-011
20 46 -8.45534e-013
20 47 -3.50835e-011
20 48 -4.88036e-012
20 49 7.27191e-011
20 50 -0.000412536
20 51 -3.49255e-011
20 52 0.000655203
20 53 1.45209e-010
20 54 3.47096e-011
20 55 1.31929e-011
20 56 -7.46646e-012
20 57 3.28256e-011
20 58 -3.29481e-011
20 59 -2.59555e-011
20 60 1.10296e-010
20 61 4.80535e-011
20 62 -9.88438e-011
20 63 2.78237e-011
20 64 2.7793e-011
20 65 -6.012e-011
20 66 -1.27931e-011
21 0 -1.20357e-010
21 1 4.06986e-011
21 2 -7.49948e-011
21 3 -8.60606e-011
21 4 -0.0128586
21 5 1.35772e-010
21 6 -5.57864e-011
21 7 -3.50365e-011
21 8 1.60526e-011
21 9 -2.37447e-011
21 10 -0.00996024
21 11 0.00857099
21 12 -6.60314e-011
21 13 2.36942e-011
21 14 0.00551383
21 15 5.59734e-012
21 16 4.34088e-011
21 17 -2.20995e-012
21 18 3.52282e-011
21 19 2.2658e-011
21 20 6.67939e-011
21 21 0.0151515
21 22 -0.00172184
21 23 3.96527e-011
21 24 -3.38143e-013
21 25 -0.00140878
21 26 -3.67842e-011
21 27 0.000881036
21 28 8.41096e-011
21 29 -3.20761e-011
21 30 4.85546e-012
21 31 -2.86391e-011
21 32 0.000758025
21 33 -1.78521e-011
21 34 -0.00303049
21 35 3.77998e-011
21 36 -0.00460839
21 37 -3.05373e-013
21 38 -3.28871e-011
21 39 -8.42556e-012
21 40 -0.000183503
21 41 1.41456e-011
21 42 0.00104165
21 43 7.10382e-011
21 44 -0.00186874
21 45 -7.04055e-011
21 46 2.58316e-011
21 47 -5.74476e-012
21 48 2.25072e-011
21 49 1.80491e-005
21 50 6.12727e-012
21 51 -0.000122455
21 52 -8.44867e-012
21 53 0.000395909
21 54 1.52941e-011
21 55 -4.35459e-012
21 56 -1.93587e-013
21 57 3.39672e-011
21 58 1.0422e-011
21 59 -3.17412e-011
21 60 1.04549e-011
21 61 5.98802e-013
21 62 -8.24857e-011
21 63 -7.30662e-012
21 64 -1.31547e-011
21 65 -1.79378e-011
21 66 7.20232e-011
22 0 -3.8135e-011
22 1 1.30706e-011
22 2 -3.48614e-011
22 3 -1.63442e-011
22 4 4.94356e-012
22 5 2.11154e-011
22 6 1.82704e-012
22 7 2.66827e-011
22 8 -7.19562e-012
22 9 -2.95005e-012
22 10 8.32187e-012
22 11 -0.00211038
22 12 -2.20266e-012
22 13 -5.78449e-012
22 14 1.21922e-012
22 15 2.13821e-011
22 16 -2.09765e-011
22 17 1.37453e-013
22 18 -3.99434e-012
22 19 -5.4718e-012
22 20 -1.26281e-011
22 21 -0.00172184
22 22 0.002442
22 23 4.33621e-012
22 24 -1.78146e-013
22 25 4.95077e-015
22 26 1.15876e-011
22 27 0.000929708
22 28 -2.80109e-011
22 29 1.72392e-011
22 30 -2.35286e-012
22 31 1.569e-012
22 32 3.90571e-012
22 33 -9.64074e-012
22 34 -0.000331635
22 35 1.75069e-011
22 36 0.00305006
22 37 -0.000748557
22 38 -2.94994e-012
22 39 7.68049e-013
22 40 -7.7739e-013
22 41 -1.61903e-012
22 42 7.6944e-005
22 43 -8.20675e-012
22 44 -0.000773016
22 45 3.56084e-011
22 46 -1.43218e-011
22 47 3.85001e-012
22 48 2.11922e-013
22 49 -2.89281e-012
22 50 1.20587e-011
22 51 -1.06417e-005
22 52 -5.58023e-012
22 53 0.000115602
22 54 -1.71909e-011
22 55 -0.001242
22 56 1.18322e-014
22 57 -3.18443e-013
22 58 1.21487e-012
22 59 1.25169e-012
22 60 -1.16015e-011
22 61 6.71287e-007
22 62 1.56466e-011
22 63 -7.79654e-006
22 64 -6.9867e-012
22 65 8.73344e-005
22 66 -4.27262e-011
23 0 -2.9545e-010
23 1 1.5198e-011
23 2 -1.5143e-010
23 3 -1.59219e-010
23 4 -1.57792e-011
23 5 1.86694e-010
23 6 -6.09038e-012
23 7 7.13439e-005
23 8 0.00285376
23 9 -0.00142688
23 10 -0.00107016
23 11 5.59741e-012
23 12 -0.00422076
23 13 -0.00211038
23 14 0.00418927
23 15 -0.000759737
23 16 8.29982e-013
23 17 -0.00184073
23 18 0.000920364
23 19 -0.00187451
23 20 0.00136109
23 21 3.96527e-011
23 22 4.33621e-012
23 23 0.00569801
23 24 0.002849
23 25 -0.00527251
23 26 0.00108899
23 27 8.15828e-011
23 28 4.03279e-011
23 29 5.68725e-012
23 30 -0.00123888
23 31 0.000619439
23 32 0.00526783
23 33 -0.00281402
23 34 4.70756e-011
23 35 1.10933e-010
23 36 2.82353e-011
23 37 -1.39354e-012
23 38 -0.00199615
23 39 -0.000998076
23 40 0.000483046
23 41 0.000436036
23 42 -3.95715e-011
23 43 8.33094e-011
23 44 6.39188e-011
23 45 1.33773e-011
23 46 -5.16833e-012
23 47 0.000875027
23 48 -0.000437513
23 49 -0.00221348
23 50 0.00116574
23 51 -5.63109e-011
23 52 -2.8216e-011
23 53 6.8136e-011
23 54 -1.63036e-012
23 55 -1.14588e-011
23 56 1.71225e-013
23 57 4.14235e-011
23 58 9.08271e-012
23 59 0.000690391
23 60 -0.000473611
23 61 2.07949e-011
23 62 -7.70328e-011
23 63 1.26667e-012
23 64 -4.2607e-012
23 65 -3.7011e-011
23 66 -2.35922e-011
24 0 -5.21285e-011
24 1 -9.23281e-012
24 2 1.5198e-011
24 3 -5.80937e-011
24 4 -1.53578e-011
24 5 -6.09038e-012
24 6 4.96143e-011
24 7 -7.13439e-005
24 8 0.00142688
24 9 -0.00285376
24 10 -0.00107016
24 11 7.06947e-013
24 12 -0.00211038
24 13 -0.00422076
24 14 0.00418927
24 15 0.000759737
24 16 -4.48807e-012
24 17 -0.000920364
24 18 0.00184073
24 19 -0.00187451
24 20 -0.00136109
24 21 -3.38143e-013
24 22 -1.78146e-013
24 23 0.002849
24 24 0.00569801
24 25 -0.00527251
24 26 -0.00108899
24 27 8.21277e-012
24 28 4.85154e-012
24 29 5.41038e-012
24 30 -0.000619439
24 31 0.00123888
24 32 0.00526783
24 33 0.00281402
24 34 2.71824e-011
24 35 3.38831e-011
24 36 4.76989e-012
24 37 7.5731e-013
24 38 -0.000998076
24 39 -0.00199615
24 40 0.000483046
24 41 -0.000436036
24 42 6.80563e-012
24 43 1.87733e-011
24 44 1.36501e-011
24 45 1.18475e-011
24 46 -4.68637e-012
24 47 0.000437513
24 48 -0.000875027
24 49 -0.00221348
24 50 -0.00116574
24 51 -3.05896e-011
24 52 -1.10496e-011
24 53 4.15246e-012
24 54 -1.78273e-013
24 55 2.4703e-012
24 56 -5.21191e-013
24 57 9.08271e-012
24 58 3.09668e-011
24 59 0.000690391
24 60 0.000473611
24 61 -1.29126e-011
24 62 -1.61912e-011
24 63 -1.70155e-011
24 64 1.42691e-011
24 65 3.55451e-013
24 66 -1.63007e-011
25 0 3.41007e-010
25 1 6.49457e-011
25 2 1.11862e-010
25 3 1.642e-010
25 4 -0.00165788
25 5 0.00414471
25 6 0.00414471
25 7 -3.29414e-011
25 8 -0.00729654
25 9 0.00729654
25 10 0.0075884
25 11 0.000575558
25 12 0.000575558
25 13 0.000575559
25 14 -0.00812465
25 15 -7.30544e-012
25 16 3.04827e-011
25 17 0.00778126
25 18 -0.00778126
25 19 -0.00725945
25 20 4.40592e-011
25 21 -0.00140878
25 22 4.95077e-015
25 23 -0.00527251
25 24 -0.00527251
25 25 0.0151364
25 26 -2.65345e-011
25 27 -0.00106494
25 28 3.23348e-011
25 29 -2.65995e-011
25 30 -0.00126703
25 31 0.00126703
25 32 -0.00506259
25 33 -5.3969e-012
25 34 0.00316561
25 35 -4.91421e-011
25 36 4.14985e-013
25 37 2.38639e-013
25 38 0.00226835
25 39 0.00226835
25 40 -0.00421568
25 41 8.81367e-012
25 42 -0.000352544
25 43 -5.38055e-012
25 44 2.58965e-012
25 45 -5.69929e-011
25 46 2.20534e-011
25 47 -0.000596609
25 48 0.000596609
25 49 0.00355498
25 50 -2.43576e-012
25 51 -0.00141399
25 52 1.45112e-011
25 53 6.54743e-012
25 54 1.82792e-011
25 55 3.18846e-012
25 56 1.52191e-014
25 57 -1.23703e-011
25 58 -1.74018e-011
25 59 -0.000753154
25 60 1.16133e-011
25 61 0.000507491
25 62 -6.69507e-012
25 63 7.05103e-012
25 64 -2.13978e-012
25 65 1.21885e-011
25 66 6.7683e-011
26 0 -2.45886e-010
26 1 2.16374e-012
26 2 -1.95229e-010
26 3 -5.28208e-011
26 4 1.12158e-010
26 5 -0.003253
26 6 0.003253
26 7 0.00229069
26 8 0.00343604
26 9 0.00343604
26 10 8.15806e-011
26 11 -2.84652e-011
26 12 0.00180692
26 13 -0.00180692
26 14 -2.57557e-011
26 15 -0.00542077
26 16 -0.000788023
26 17 -0.00394011
26 18 -0.00394011
26 19 -2.94084e-013
26 20 -0.00308482
26 21 -3.67842e-011
26 22 1.15876e-011
26 23 0.00108899
26 24 -0.00108899
26 25 -2.65345e-011
26 26 0.0107892
26 27 3.14075e-012
26 28 0.000815681
26 29 -1.47897e-012
26 30 0.00099444
26 31 0.00099444
26 32 2.97616e-011
26 33 -0.00290929
26 34 -1.85256e-011
26 35 0.00266048
26 36 6.49346e-012
26 37 -7.75828e-012
26 38 -0.000712133
26 39 0.000712133
26 40 8.83893e-012
26 41 -0.00342861
26 42 1.26722e-011
26 43 -0.00150766
26 44 -5.55855e-011
26 45 -1.48327e-011
26 46 3.1657e-013
26 47 0.000133787
26 48 0.000133787
26 49 -3.37717e-011
26 50 0.00230102
26 51 1.78968e-011
26 52 -0.00149777
26 53 -5.12024e-011
26 54 -4.28149e-011
26 55 -1.55498e-011
26 56 5.45833e-012
26 57 -3.10872e-012
26 58 -1.97888e-012
26 59 1.77147e-011
26 60 -0.000413785
26 61 -2.50915e-011
26 62 0.000564095
26 63 -5.54772e-012
26 64 -5.86689e-011
26 65 2.46753e-011
26 66 4.79074e-012
27 0 -4.03539e-010
27 1 9.34139e-011
27 2 -2.63719e-010
27 3 -2.33234e-010
27 4 0.00194404
27 5 2.98882e-010
27 6 -4.28607e-011
27 7 5.83342e-011
27 8 -2.28325e-012
27 9 -5.03712e-011
27 10 -0.00342238
27 11 -0.00323953
27 12 -1.11063e-010
27 13 -3.40529e-012
27 14 -0.00297719
27 15 8.13935e-011
27 16 -2.61405e-011
27 17 -7.7348e-012
27 18 3.68047e-011
27 19 0.00431618
27 20 2.40561e-011
27 21 0.000881036
27 22 0.000929708
27 23 8.15828e-011
27 24 8.21277e-012
27 25 -0.00106494
27 26 3.14075e-012
27 27 0.00894344
27 28 9.85123e-012
27 29 2.7949e-011
27 30 1.48439e-012
27 31 -3.72222e-011
27 32 -0.000939741
27 33 -5.247e-011
27 34 -0.000763612
27 35 1.48554e-010
27 36 0.000696723
27 37 -5.88643e-013
27 38 -6.60678e-011
27 39 -1.72146e-011
27 40 0.000788157
27 41 8.82768e-012
27 42 -0.00263785
27 43 8.23152e-011
27 44 -0.00247211
27 45 5.32256e-011
27 46 -2.43808e-011
27 47 4.39519e-012
27 48 3.53722e-011
27 49 -0.00023676
27 50 4.89593e-011
27 51 0.00121427
27 52 -4.11879e-011
27 53 -0.00139077
27 54 -4.59834e-011
27 55 -8.2452e-012
27 56 -2.78643e-013
27 57 5.39694e-011
27 58 2.81837e-011
27 59 2.70352e-005
27 60 -3.02803e-011
27 61 -0.000170025
27 62 -6.6284e-011
27 63 0.000416744
27 64 -3.97076e-011
27 65 -3.33077e-011
27 66 -8.15781e-011
28 0 -1.5646e-010
28 1 8.85781e-011
28 2 -5.50964e-011
28 3 -1.89942e-010
28 4 -1.186e-010
28 5 1.94733e-010
28 6 3.26746e-011
28 7 -0.00561103
28 8 9.21512e-012
28 9 -2.57748e-011
28 10 2.42695e-011
28 11 5.93077e-011
28 12 -1.12951e-010
28 13 -5.2968e-011
28 14 9.68827e-011
28 15 -0.00663906
28 16 0.00482563
28 17 4.47218e-011
28 18 -2.82883e-011
28 19 -1.19728e-010
28 20 0.00209895
28 21 8.41096e-011
28 22 -2.80109e-011
28 23 4.03279e-011
28 24 4.85154e-012
28 25 3.23348e-011
28 26 0.000815681
28 27 9.85123e-012
28 28 0.00999001
28 29 -0.00115994
28 30 -2.59603e-011
28 31 9.85925e-012
28 32 2.67537e-011
28 33 -0.0010037
28 34 4.23053e-011
28 35 0.0014167
28 36 -5.3363e-011
28 37 1.61101e-011
28 38 -2.3417e-011
28 39 2.85947e-013
28 40 -1.29849e-011
28 41 0.000408253
28 42 -3.62075e-011
28 43 -0.0018465
28 44 4.96604e-012
28 45 -0.00338031
28 46 -1.61954e-014
28 47 1.21755e-011
28 48 3.45373e-012
28 49 1.16271e-012
28 50 -8.27738e-005
28 51 -4.2312e-011
28 52 0.000516963
28 53 -2.72319e-011
28 54 -0.00142487
28 55 3.79382e-011
28 56 -1.06432e-011
28 57 3.14077e-011
28 58 1.49257e-011
28 59 -2.98982e-011
28 60 7.03862e-006
28 61 5.87994e-011
28 62 -5.23388e-005
28 63 -2.33702e-011
28 64 0.000250554
28 65 -2.52744e-011
28 66 -2.44398e-013
29 0 -2.09206e-010
29 1 -9.33171e-011
29 2 -9.64499e-011
29 3 -1.94386e-011
29 4 1.06033e-010
29 5 2.27336e-011
29 6 1.98649e-011
29 7 7.71199e-013
29 8 -2.25722e-011
29 9 2.15067e-011
29 10 3.7989e-011
29 11 -3.33768e-011
29 12 1.81155e-011
29 13 1.89723e-011
29 14 -4.90087e-011
29 15 2.25825e-012
29 16 -0.00120065
29 17 -1.2051e-011
29 18 1.30753e-011
29 19 4.22231e-011
29 20 1.58989e-012
29 21 -3.20761e-011
29 22 1.72392e-011
29 23 5.68725e-012
29 24 5.41038e-012
29 25 -2.65995e-011
29 26 -1.47897e-012
29 27 2.7949e-011
29 28 -0.00115994
29 29 0.00151515
29 30 5.21077e-013
29 31 -1.47332e-012
29 32 7.52122e-012
29 33 -1.25672e-012
29 34 -1.62358e-011
29 35 0.000514039
29 36 2.8615e-011
29 37 -1.04459e-011
29 38 -5.52807e-012
29 39 -5.5853e-012
29 40 9.64442e-012
29 41 1.46762e-012
29 42 3.46906e-013
29 43 -0.000157645
29 44 -1.75785e-011
29 45 0.00207787
29 46 -0.000498276
29 47 7.65848e-012
29 48 -6.80273e-012
29 49 -1.96951e-011
29 50 8.67488e-013
29 51 1.35495e-011
29 52 3.22712e-005
29 53 -1.86657e-013
29 54 -0.000451204
29 55 -2.63165e-011
29 56 6.8304e-012
29 57 -6.35358e-012
29 58 -6.0616e-012
29 59 2.07008e-011
29 60 -1.50818e-012
29 61 -1.97693e-011
29 62 -3.99806e-006
29 63 1.02554e-011
29 64 5.90584e-005
29 65 8.49543e-012
29 66 -0.000875782
30 0 -2.50251e-010
30 1 -6.71819e-011
30 2 -8.5554e-011
30 3 -9.75148e-011
30 4 5.25699e-011
30 5 7.83461e-011
30 6 6.92265e-011
30 7 1.55709e-011
30 8 -2.71202e-011
30 9 1.46837e-011
30 10 8.484e-011
30 11 1.15563e-012
30 12 0.00176479
30 13 0.000882395
30 14 -0.000973124
30 15 0.000105887
30 16 -4.94452e-012
30 17 -0.00280152
30 18 0.00140076
30 19 0.0030567
30 20 -0.00078335
30 21 4.85546e-012
30 22 -2.35286e-012
30 23 -0.00123888
30 24 -0.000619439
30 25 -0.00126703
30 26 0.00099444
30 27 1.48439e-012
30 28 -2.59603e-011
30 29 5.21077e-013
30 30 0.0040404
30 31 -0.0020202
30 32 -0.00381782
30 33 0.00101972
30 34 -1.18677e-011
30 35 -5.09849e-011
30 36 -2.08876e-011
30 37 5.73773e-014
30 38 -0.000893548
30 39 -0.000446774
30 40 0.00379944
30 41 -0.00209127
30 42 -7.79004e-012
30 43 -4.29481e-011
30 44 -5.38868e-011
30 45 -3.12344e-012
30 46 -5.23255e-013
30 47 -0.00149483
30 48 0.000747414
30 49 0.000401051
30 50 0.000234684
30 51 1.32044e-011
30 52 1.2675e-011
30 53 -5.9613e-011
30 54 -1.60944e-011
30 55 2.28491e-012
30 56 2.73589e-013
30 57 0.000665396
30 58 0.000332698
30 59 -0.00167601
30 60 0.000894248
30 61 1.0456e-011
30 62 4.14398e-011
30 63 -6.56169e-012
30 64 -2.02843e-011
30 65 1.06341e-011
30 66 2.75074e-012
31 0 3.58509e-010
31 1 1.42665e-010
31 2 6.71819e-011
31 3 1.48663e-010
31 4 -4.27649e-011
31 5 -6.92265e-011
31 6 -1.46198e-010
31 7 7.44527e-012
31 8 1.46837e-011
31 9 -3.40111e-011
31 10 -7.12423e-011
31 11 -6.74402e-012
31 12 -0.000882395
31 13 -0.00176479
31 14 0.000973124
31 15 0.000105887
31 16 2.53509e-012
31 17 0.00140076
31 18 -0.00280152
31 19 -0.0030567
31 20 -0.00078335
31 21 -2.86391e-011
31 22 1.569e-012
31 23 0.000619439
31 24 0.00123888
31 25 0.00126703
31 26 0.00099444
31 27 -3.72222e-011
31 28 9.85925e-012
31 29 -1.47332e-012
31 30 -0.0020202
31 31 0.0040404
31 32 0.00381782
31 33 0.00101972
31 34 1.12344e-014
31 35 1.5918e-011
31 36 1.12735e-011
31 37 1.14002e-013
31 38 0.000446774
31 39 0.000893548
31 40 -0.00379944
31 41 -0.00209127
31 42 3.20188e-011
31 43 1.33882e-011
31 44 2.61271e-011
31 45 -6.24505e-012
31 46 7.887e-013
31 47 0.000747414
31 48 -0.00149483
31 49 -0.000401051
31 50 0.000234684
31 51 1.44842e-012
31 52 -5.09305e-012
31 53 2.62948e-011
31 54 -1.00927e-011
31 55 2.58298e-012
31 56 -1.35965e-014
31 57 -0.000332698
31 58 -0.000665396
31 59 0.00167601
31 60 0.000894248
31 61 -2.98416e-011
31 62 -1.3648e-011
31 63 -2.02216e-012
31 64 -1.31883e-011
31 65 9.616e-012
31 66 1.26611e-012
32 0 3.67381e-010
32 1 1.02659e-010
32 2 1.34619e-010
32 3 1.30103e-010
32 4 -7.81175e-011
32 5 -1.32099e-010
32 6 -8.29079e-011
32 7 -1.18266e-011
32 8 0.00219859
32 9 -0.00219859
32 10 -0.00131915
32 11 -0.000100054
32 12 -0.00450244
32 13 -0.00450244
32 14 0.00626742
32 15 -6.39606e-011
32 16 -2.58738e-012
32 17 0.000567254
32 18 -0.000567254
32 19 -0.00577663
32 20 -7.56448e-011
32 21 0.000758025
32 22 3.90571e-012
32 23 0.00526783
32 24 0.00526783
32 25 -0.00506259
32 26 2.97616e-011
32 27 -0.000939741
32 28 2.67537e-011
32 29 7.52122e-012
32 30 -0.00381782
32 31 0.00381782
32 32 0.0108225
32 33 5.36393e-011
32 34 -0.00132859
32 35 8.76992e-011
32 36 3.17656e-011
32 37 -1.11091e-013
32 38 -0.000904632
32 39 -0.000904632
32 40 -0.00371273
32 41 -1.873e-011
32 42 0.00234997
32 43 6.1448e-011
32 44 7.79365e-011
32 45 2.13043e-011
32 46 -6.23525e-012
32 47 0.0017335
