0 0 1
0 1 -0.5
0 2 -0.5
0 3 -0.408248
0 4 0.816497
0 5 -0.408248
0 6 -1.25213e-009
0 7 1.25213e-009
0 8 7.23432e-010
0 9 -7.23432e-010
0 10 5.28696e-010
0 11 -5.28696e-010
0 12 -2.1703e-009
0 13 -9.63712e-011
0 14 1.88763e-010
0 15 1.04352e-009
0 16 -1.46583e-009
0 17 -3.41967e-009
0 18 -1.22385e-010
0 19 1.22385e-010
0 20 -9.85946e-010
0 21 9.85946e-010
0 22 -3.45056e-010
0 23 3.45056e-010
0 24 1.53567e-009
0 25 -4.82869e-009
0 26 -3.59354e-009
0 27 -8.17333e-010
0 28 -4.75116e-010
0 29 -1.31277e-009
0 30 1.81884e-009
0 31 8.33051e-011
0 32 -7.45908e-009
0 33 -2.50516e-009
0 34 -6.96356e-011
0 35 6.96356e-011
0 36 1.42001e-009
0 37 -1.42001e-009
0 38 1.12044e-010
0 39 -1.12044e-010
0 40 -2.04664e-009
0 41 4.51382e-009
0 42 -9.59837e-010
0 43 -2.06452e-009
0 44 4.04593e-010
0 45 1.32741e-009
0 46 3.64832e-010
0 47 1.7978e-009
0 48 -1.55739e-009
0 49 -5.39519e-010
0 50 5.864e-009
0 51 4.11208e-009
0 52 7.70488e-009
0 53 3.40766e-009
0 54 4.29877e-010
0 55 -4.29877e-010
0 56 -1.56873e-009
0 57 1.56873e-009
0 58 5.83335e-010
0 59 -5.83335e-010
0 60 2.60204e-009
0 61 -2.54748e-009
0 62 2.03451e-009
0 63 4.92367e-009
0 64 1.02317e-008
0 65 1.01303e-008
0 66 4.96552e-009
0 67 -1.27028e-009
0 68 -4.35746e-010
0 69 -1.86866e-009
0 70 1.05712e-009
0 71 -6.254e-010
0 72 -5.3055e-009
0 73 -2.60866e-010
0 74 4.87185e-009
0 75 1.37318e-008
0 76 6.25332e-009
0 77 3.51279e-010
1 0 -0.5
1 1 0.5
1 2 0
1 3 8.40552e-010
1 4 -0.408248
1 5 0.408248
1 6 5.93608e-010
1 7 -5.93608e-010
1 8 -2.96804e-010
1 9 2.96804e-010
1 10 -2.96804e-010
1 11 2.96804e-010
1 12 1.08515e-009
1 13 -5.59195e-011
1 14 1.90083e-010
1 15 -1.90083e-010
1 16 1.05489e-010
1 17 2.05119e-009
1 18 1.66574e-010
1 19 -1.66574e-010
1 20 2.80597e-010
1 21 -2.80597e-010
1 22 2.80597e-010
1 23 -2.80597e-010
1 24 -5.16692e-010
1 25 2.34829e-009
1 26 1.79174e-009
1 27 5.04718e-010
1 28 -2.09262e-010
1 29 2.09262e-010
1 30 -1.8053e-010
1 31 -3.16189e-010
1 32 4.09774e-009
1 33 8.34232e-010
1 34 -1.44683e-010
1 35 1.44683e-010
1 36 -2.53304e-010
1 37 2.53304e-010
1 38 -2.53304e-010
1 39 2.53304e-010
1 40 4.72595e-010
1 41 -1.93169e-009
1 42 8.8868e-010
1 43 8.39746e-010
1 44 -4.24545e-010
1 45 -8.56878e-010
1 46 2.41882e-010
1 47 -2.41882e-010
1 48 5.06479e-011
1 49 -3.30021e-012
1 50 -2.42198e-009
1 51 -1.17012e-009
1 52 -4.85131e-009
1 53 -1.54588e-009
1 54 -1.98081e-011
1 55 1.98081e-011
1 56 2.16973e-010
1 57 -2.16973e-010
1 58 2.16973e-010
1 59 -2.16973e-010
1 60 -4.01172e-010
1 61 1.6098e-009
1 62 -1.21853e-009
1 63 -2.4847e-009
1 64 -5.0661e-009
1 65 -4.90841e-009
1 66 -2.96449e-009
1 67 8.51236e-010
1 68 -2.7445e-010
1 69 2.7445e-010
1 70 8.49015e-011
1 71 5.4309e-011
1 72 1.57808e-009
1 73 3.48263e-010
1 74 -9.32393e-010
1 75 -7.98361e-009
1 76 -3.00645e-009
1 77 -2.46191e-010
2 0 -0.5
2 1 0
2 2 0.5
2 3 0.408248
2 4 -0.408248
2 5 8.40552e-010
2 6 6.5852e-010
2 7 -6.5852e-010
2 8 -4.26628e-010
2 9 4.26628e-010
2 10 -2.31892e-010
2 11 2.31892e-010
2 12 1.08515e-009
2 13 1.52291e-010
2 14 -3.78846e-010
2 15 -8.53435e-010
2 16 1.36034e-009
2 17 1.36848e-009
2 18 -4.41889e-011
2 19 4.41889e-011
2 20 7.05349e-010
2 21 -7.05349e-010
2 22 6.44586e-011
2 23 -6.44586e-011
2 24 -1.01898e-009
2 25 2.4804e-009
2 26 1.8018e-009
2 27 3.12615e-010
2 28 6.84377e-010
2 29 1.10351e-009
2 30 -1.63831e-009
2 31 2.32884e-010
2 32 3.36134e-009
2 33 1.67093e-009
2 34 2.14319e-010
2 35 -2.14319e-010
2 36 -1.16671e-009
2 37 1.16671e-009
2 38 1.4126e-010
2 39 -1.4126e-010
2 40 1.57404e-009
2 41 -2.58213e-009
2 42 7.11567e-011
2 43 1.22477e-009
2 44 1.99525e-011
2 45 -4.70534e-010
2 46 -6.06714e-010
2 47 -1.55592e-009
2 48 1.50675e-009
2 49 5.42819e-010
2 50 -3.44202e-009
2 51 -2.94196e-009
2 52 -2.85357e-009
2 53 -1.86178e-009
2 54 -4.10069e-010
2 55 4.10069e-010
2 56 1.35176e-009
2 57 -1.35176e-009
2 58 -8.00308e-010
2 59 8.00308e-010
2 60 -2.20087e-009
2 61 9.37684e-010
2 62 -8.15973e-010
2 63 -2.43897e-009
2 64 -5.16557e-009
2 65 -5.22187e-009
2 66 -2.00103e-009
2 67 4.19045e-010
2 68 7.10195e-010
2 69 1.59421e-009
2 70 -1.14202e-009
2 71 5.71091e-010
2 72 3.72742e-009
2 73 -8.73964e-011
2 74 -3.93946e-009
2 75 -5.74823e-009
2 76 -3.24687e-009
2 77 -1.05088e-010
3 0 -0.408248
3 1 8.40552e-010
3 2 0.408248
3 3 1
3 4 -0.5
3 5 1.37262e-009
3 6 0.129099
3 7 -0.129099
3 8 0.129099
3 9 -0.129099
3 10 -1.95918e-010
3 11 1.95918e-010
3 12 0.387298
3 13 5.04477e-010
3 14 -1.33603e-010
3 15 -6.97934e-010
3 16 -0.112306
3 17 4.03185e-009
3 18 2.39421e-010
3 19 -2.39421e-010
3 20 7.80086e-010
3 21 -7.80086e-010
3 22 2.46289e-010
3 23 -2.46289e-010
3 24 -1.60403e-009
3 25 5.9459e-009
3 26 3.91938e-009
3 27 3.23104e-010
3 28 5.12715e-010
3 29 8.14627e-010
3 30 -2.90032e-009
3 31 -1.239e-009
3 32 5.65422e-009
3 33 1.78813e-009
3 34 -2.36296e-010
3 35 2.36296e-010
3 36 -1.38989e-009
3 37 1.38989e-009
3 38 -3.62096e-011
3 39 3.62096e-011
3 40 2.18029e-009
3 41 -5.59473e-009
3 42 -8.02106e-010
3 43 -5.26104e-011
3 44 -1.04567e-009
3 45 -6.69725e-010
3 46 -1.90844e-010
3 47 -8.71339e-010
3 48 2.08164e-009
3 49 1.80863e-009
3 50 -5.08726e-009
3 51 -3.71848e-009
3 52 -6.35159e-009
3 53 -4.45377e-009
3 54 -1.76218e-010
3 55 1.76218e-010
3 56 1.29399e-009
3 57 -1.29399e-009
3 58 -2.03322e-010
3 59 2.03322e-010
3 60 -1.94933e-009
3 61 3.6587e-009
3 62 -2.98489e-010
3 63 -2.00955e-009
3 64 -1.03758e-008
3 65 -1.10716e-008
3 66 -3.17152e-009
3 67 5.36653e-010
3 68 4.37069e-010
3 69 8.54908e-010
3 70 -2.16063e-009
3 71 -5.41236e-010
3 72 5.61302e-009
3 73 2.44781e-010
3 74 -7.97808e-009
3 75 -1.54426e-008
3 76 -6.61442e-009
3 77 9.34171e-010
4 0 0.816497
4 1 -0.408248
4 2 -0.408248
4 3 -0.5
4 4 1
4 5 -0.5
4 6 -0.129099
4 7 0.129099
4 8 7.48421e-010
4 9 -7.48421e-010
4 10 0.129099
4 11 -0.129099
4 12 -2.24526e-009
4 13 -5.19131e-010
4 14 -1.94795e-011
4 15 8.51016e-010
4 16 -1.86732e-009
4 17 -4.11044e-009
4 18 -1.28814e-010
4 19 1.28814e-010
4 20 -1.09115e-009
4 21 1.09115e-009
4 22 -5.57357e-010
4 23 5.57357e-010
4 24 1.62748e-009
4 25 -5.91962e-009
4 26 -4.60878e-009
4 27 -3.60069e-010
4 28 -3.61982e-010
4 29 -9.65361e-010
4 30 2.05651e-009
4 31 5.45428e-010
4 32 -7.53587e-009
4 33 -2.38447e-009
4 34 -1.79261e-011
4 35 1.79261e-011
4 36 1.70387e-009
4 37 -1.70387e-009
4 38 3.50183e-010
4 39 -3.50183e-010
4 40 -2.19173e-009
4 41 5.88928e-009
4 42 -5.5967e-010
4 43 -1.30639e-009
4 44 1.63422e-009
4 45 8.50731e-010
4 46 -1.94962e-011
4 47 1.08168e-009
4 48 -1.18933e-009
4 49 -1.15152e-009
4 50 5.76969e-009
4 51 5.01077e-009
4 52 8.18723e-009
4 53 3.93182e-009
4 54 4.17537e-010
4 55 -4.17537e-010
4 56 -1.59049e-009
4 57 1.59049e-009
4 58 -9.31812e-011
4 59 9.31812e-011
4 60 1.86063e-009
4 61 -4.04073e-009
4 62 1.91398e-009
4 63 4.90586e-009
4 64 1.1196e-008
4 65 1.13802e-008
4 66 3.78121e-009
4 67 -7.35861e-010
4 68 -1.41065e-010
4 69 -1.15091e-009
4 70 1.24809e-009
4 71 4.25225e-011
4 72 -5.74736e-009
4 73 -7.35274e-010
4 74 6.17525e-009
4 75 1.57716e-008
4 76 7.37875e-009
4 77 1.02828e-010
5 0 -0.408248
5 1 0.408248
5 2 8.40552e-010
5 3 1.37262e-009
5 4 -0.5
5 5 1
5 6 0.129099
5 7 -0.129099
5 8 -0.387298
5 9 0.387298
5 10 -3.16324e-010
5 11 3.16324e-010
5 12 0.387298
5 13 9.91408e-010
5 14 4.42051e-010
5 15 -7.24342e-010
5 16 -0.112306
5 17 4.72263e-009
5 18 5.85267e-010
5 19 -5.85267e-010
5 20 1.37505e-009
5 21 -1.37505e-009
5 22 1.61678e-010
5 23 -1.61678e-010
5 24 -1.87262e-009
5 25 5.14864e-009
5 26 4.72469e-009
5 27 -3.53754e-010
5 28 -2.54476e-010
5 29 7.63183e-010
5 30 -1.1665e-009
5 31 -1.11761e-009
5 32 6.22116e-009
5 33 7.40791e-010
5 34 -6.42044e-010
5 35 6.42044e-010
5 36 -1.54784e-009
5 37 1.54784e-009
5 38 2.63947e-010
5 39 -2.63947e-010
5 40 2.07605e-009
5 41 -4.18491e-009
5 42 2.84506e-010
5 43 -2.03078e-011
5 44 -2.88414e-009
5 45 -5.01182e-011
5 46 2.75574e-010
5 47 -3.02892e-010
5 48 2.99368e-010
5 49 -4.83879e-010
5 50 -5.15626e-009
5 51 -3.13708e-009
5 52 -7.42793e-009
5 53 -2.65046e-009
5 54 3.52876e-010
5 55 -3.52876e-010
5 56 1.67201e-009
5 57 -1.67201e-009
5 58 1.88312e-012
5 59 -1.88312e-012
5 60 -1.45659e-009
5 61 5.12661e-009
5 62 -1.36992e-009
5 63 -6.37637e-009
5 64 -1.04479e-008
5 65 -8.74941e-009
5 66 -1.57586e-009
5 67 -8.60554e-011
5 68 -3.27011e-010
5 69 4.37031e-010
5 70 -4.79595e-010
5 71 -5.2696e-010
5 72 5.48619e-009
5 73 2.70849e-009
5 74 -5.44946e-009
5 75 -1.71429e-008
5 76 -7.15983e-009
5 77 -5.61855e-010
6 0 -1.25213e-009
6 1 5.93608e-010
6 2 6.5852e-010
6 3 0.129099
6 4 -0.129099
6 5 0.129099
6 6 0.555556
6 7 -0.555556
6 8 0.0555556
6 9 -0.0555556
6 10 0.0555556
6 11 -0.0555556
6 12 0.166667
6 13 0.0845154
6 14 -0.0093906
6 15 0.0093906
6 16 -0.0828493
6 17 0.394405
6 18 2.18913e-010
6 19 -2.18913e-010
6 20 7.00905e-010
6 21 -7.00905e-010
6 22 4.15905e-011
6 23 -4.15905e-011
6 24 0.0135542
6 25 -0.0810498
6 26 1.53069e-009
6 27 -1.17771e-009
6 28 -3.37112e-010
6 29 3.91326e-010
6 30 -5.55164e-010
6 31 -1.09391e-009
6 32 -3.9681e-010
6 33 -7.48515e-010
6 34 -3.79364e-010
6 35 3.79364e-010
6 36 -8.42654e-010
6 37 8.42654e-010
6 38 2.67736e-010
6 39 -2.67736e-010
6 40 1.66899e-009
6 41 -1.37287e-009
6 42 -6.32708e-010
6 43 -1.93273e-009
6 44 -3.24972e-009
6 45 1.17138e-009
6 46 4.56313e-010
6 47 1.42887e-010
6 48 -3.44243e-010
6 49 2.57656e-010
6 50 -4.18547e-010
6 51 -1.91249e-009
6 52 -2.65284e-009
6 53 -7.15555e-010
6 54 3.09915e-010
6 55 -3.09915e-010
6 56 7.58321e-010
6 57 -7.58321e-010
6 58 1.30516e-010
6 59 -1.30516e-010
6 60 -6.37359e-010
6 61 2.24678e-009
6 62 1.17319e-010
6 63 -1.8408e-009
6 64 -4.78384e-009
6 65 -2.23804e-009
6 66 2.90006e-009
6 67 -1.26321e-009
6 68 -4.33414e-010
6 69 -6.34213e-011
6 70 -1.28162e-010
6 71 -1.04386e-009
6 72 1.72615e-009
6 73 2.39631e-009
6 74 -3.25957e-009
6 75 -5.63922e-009
6 76 -1.96269e-009
6 77 3.20412e-011
7 0 1.25213e-009
7 1 -5.93608e-010
7 2 -6.5852e-010
7 3 -0.129099
7 4 0.129099
7 5 -0.129099
7 6 -0.555556
7 7 0.555556
7 8 -0.0555556
7 9 0.0555556
7 10 -0.0555556
7 11 0.0555556
7 12 -0.166667
7 13 -0.0845154
7 14 0.0093906
7 15 -0.0093906
7 16 0.0828493
7 17 -0.394405
7 18 -2.18913e-010
7 19 2.18913e-010
7 20 -7.00905e-010
7 21 7.00905e-010
7 22 -4.15905e-011
7 23 4.15905e-011
7 24 -0.0135542
7 25 0.0810498
7 26 -1.53069e-009
7 27 1.17771e-009
7 28 3.37112e-010
7 29 -3.91326e-010
7 30 5.55164e-010
7 31 1.09391e-009
7 32 3.9681e-010
7 33 7.48515e-010
7 34 3.79364e-010
7 35 -3.79364e-010
7 36 8.42654e-010
7 37 -8.42654e-010
7 38 -2.67736e-010
7 39 2.67736e-010
7 40 -1.66899e-009
7 41 1.37287e-009
7 42 6.32708e-010
7 43 1.93273e-009
7 44 3.24972e-009
7 45 -1.17138e-009
7 46 -4.56313e-010
7 47 -1.42887e-010
7 48 3.44243e-010
7 49 -2.57656e-010
7 50 4.18547e-010
7 51 1.91249e-009
7 52 2.65284e-009
7 53 7.15555e-010
7 54 -3.09915e-010
7 55 3.09915e-010
7 56 -7.58321e-010
7 57 7.58321e-010
7 58 -1.30516e-010
7 59 1.30516e-010
7 60 6.37359e-010
7 61 -2.24678e-009
7 62 -1.17319e-010
7 63 1.8408e-009
7 64 4.78384e-009
7 65 2.23804e-009
7 66 -2.90006e-009
7 67 1.26321e-009
7 68 4.33414e-010
7 69 6.34213e-011
7 70 1.28162e-010
7 71 1.04386e-009
7 72 -1.72615e-009
7 73 -2.39631e-009
7 74 3.25957e-009
7 75 5.63922e-009
7 76 1.96269e-009
7 77 -3.20412e-011
8 0 7.23432e-010
8 1 -2.96804e-010
8 2 -4.26628e-010
8 3 0.129099
8 4 7.48421e-010
8 5 -0.387298
8 6 0.0555556
8 7 -0.0555556
8 8 0.555556
8 9 -0.555556
8 10 0.0555556
8 11 -0.0555556
8 12 -0.333333
8 13 -9.20693e-010
8 14 -0.093906
8 15 -0.0751248
8 16 0.165699
8 17 -0.112687
8 18 -3.07472e-010
8 19 3.07472e-010
8 20 -1.3216e-009
8 21 1.3216e-009
8 22 7.75982e-012
8 23 -7.75982e-012
8 24 -0.0271083
8 25 0.0231571
8 26 -2.31114e-009
8 27 5.96601e-010
8 28 6.6138e-011
8 29 -7.18635e-010
8 30 1.17176e-009
8 31 9.84135e-010
8 32 -2.21876e-009
8 33 2.00494e-010
8 34 3.96855e-010
8 35 -3.96855e-010
8 36 1.25924e-009
8 37 -1.25924e-009
8 38 -1.43563e-010
8 39 1.43563e-010
8 40 -1.22454e-009
8 41 2.29347e-009
8 42 5.00568e-010
8 43 7.1794e-010
8 44 1.47169e-009
8 45 -5.02177e-010
8 46 4.3732e-010
8 47 7.49219e-010
8 48 -1.58011e-009
8 49 2.07842e-010
8 50 3.58318e-009
8 51 2.31248e-009
8 52 2.48045e-009
8 53 9.07849e-010
8 54 -2.83234e-010
8 55 2.83234e-010
8 56 -1.90515e-009
8 57 1.90515e-009
8 58 3.24432e-010
8 59 -3.24432e-010
8 60 2.09386e-009
8 61 -3.60808e-009
8 62 -5.66604e-010
8 63 4.39314e-009
8 64 6.21457e-009
8 65 4.08412e-009
8 66 -2.38247e-010
8 67 5.98624e-010
8 68 -2.6309e-010
8 69 -7.75538e-010
8 70 9.98875e-010
8 71 1.00117e-009
8 72 -3.95189e-009
8 73 -2.6451e-009
8 74 4.85338e-009
8 75 9.41751e-009
8 76 4.2031e-009
8 77 6.58649e-010
9 0 -7.23432e-010
9 1 2.96804e-010
9 2 4.26628e-010
9 3 -0.129099
9 4 -7.48421e-010
9 5 0.387298
9 6 -0.0555556
9 7 0.0555556
9 8 -0.555556
9 9 0.555556
9 10 -0.0555556
9 11 0.0555556
9 12 0.333333
9 13 9.20693e-010
9 14 0.093906
9 15 0.0751248
9 16 -0.165699
9 17 0.112687
9 18 3.07472e-010
9 19 -3.07472e-010
9 20 1.3216e-009
9 21 -1.3216e-009
9 22 -7.75982e-012
9 23 7.75982e-012
9 24 0.0271083
9 25 -0.0231571
9 26 2.31114e-009
9 27 -5.96601e-010
9 28 -6.6138e-011
9 29 7.18635e-010
9 30 -1.17176e-009
9 31 -9.84135e-010
9 32 2.21876e-009
9 33 -2.00494e-010
9 34 -3.96855e-010
9 35 3.96855e-010
9 36 -1.25924e-009
9 37 1.25924e-009
9 38 1.43563e-010
9 39 -1.43563e-010
9 40 1.22454e-009
9 41 -2.29347e-009
9 42 -5.00568e-010
9 43 -7.1794e-010
9 44 -1.47169e-009
9 45 5.02177e-010
9 46 -4.3732e-010
9 47 -7.49219e-010
9 48 1.58011e-009
9 49 -2.07842e-010
9 50 -3.58318e-009
9 51 -2.31248e-009
9 52 -2.48045e-009
9 53 -9.07849e-010
9 54 2.83234e-010
9 55 -2.83234e-010
9 56 1.90515e-009
9 57 -1.90515e-009
9 58 -3.24432e-010
9 59 3.24432e-010
9 60 -2.09386e-009
9 61 3.60808e-009
9 62 5.66604e-010
9 63 -4.39314e-009
9 64 -6.21457e-009
9 65 -4.08412e-009
9 66 2.38247e-010
9 67 -5.98624e-010
9 68 2.6309e-010
9 69 7.75538e-010
9 70 -9.98875e-010
9 71 -1.00117e-009
9 72 3.95189e-009
9 73 2.6451e-009
9 74 -4.85338e-009
9 75 -9.41751e-009
9 76 -4.2031e-009
9 77 -6.58649e-010
10 0 5.28696e-010
10 1 -2.96804e-010
10 2 -2.31892e-010
10 3 -1.95918e-010
10 4 0.129099
10 5 -3.16324e-010
10 6 0.0555556
10 7 -0.0555556
10 8 0.0555556
10 9 -0.0555556
10 10 0.555556
10 11 -0.555556
10 12 0.166667
10 13 1.63872e-010
10 14 0.244156
10 15 0.093906
10 16 -0.393534
10 17 -0.112687
10 18 4.75087e-010
10 19 -4.75087e-010
10 20 1.04247e-011
10 21 -1.04247e-011
10 22 6.58229e-011
10 23 -6.58229e-011
10 24 0.135542
10 25 0.0231571
10 26 1.28811e-009
10 27 -2.01174e-011
10 28 6.95839e-010
10 29 1.26236e-009
10 30 -1.08274e-009
10 31 4.98033e-010
10 32 2.18943e-009
10 33 9.45822e-010
10 34 -3.51201e-010
10 35 3.51201e-010
10 36 -2.39466e-010
10 37 2.39466e-010
10 38 6.34966e-010
10 39 -6.34966e-010
10 40 1.261e-009
10 41 4.79988e-010
10 42 8.44813e-010
10 43 1.63295e-009
10 44 -4.01061e-010
10 45 1.71289e-012
10 46 -7.39341e-010
10 47 -1.2165e-009
10 48 5.18111e-010
10 49 -1.67953e-009
10 50 -1.77614e-009
10 51 6.48903e-010
10 52 -1.04802e-009
10 53 -4.10573e-010
10 54 2.77518e-010
10 55 -2.77518e-010
10 56 4.38121e-010
10 57 -4.38121e-010
10 58 -8.77247e-010
10 59 8.77247e-010
10 60 -1.26493e-009
10 61 -1.6281e-011
10 62 -1.96819e-009
10 63 -3.14478e-009
10 64 -1.95491e-009
10 65 -1.30586e-009
10 66 -2.12665e-010
10 67 -4.45686e-011
10 68 8.01147e-010
10 69 1.48108e-009
10 70 -6.53044e-010
10 71 1.30034e-009
10 72 2.3869e-009
10 73 -2.04326e-011
10 74 -1.8122e-009
10 75 -4.01141e-009
10 76 -1.72939e-009
10 77 -4.39942e-010
11 0 -5.28696e-010
11 1 2.96804e-010
11 2 2.31892e-010
11 3 1.95918e-010
11 4 -0.129099
11 5 3.16324e-010
11 6 -0.0555556
11 7 0.0555556
11 8 -0.0555556
11 9 0.0555556
11 10 -0.555556
11 11 0.555556
11 12 -0.166667
11 13 -1.63872e-010
11 14 -0.244156
11 15 -0.093906
11 16 0.393534
11 17 0.112687
11 18 -4.75087e-010
11 19 4.75087e-010
11 20 -1.04247e-011
11 21 1.04247e-011
11 22 -6.58229e-011
11 23 6.58229e-011
11 24 -0.135542
11 25 -0.0231571
11 26 -1.28811e-009
11 27 2.01174e-011
11 28 -6.95839e-010
11 29 -1.26236e-009
11 30 1.08274e-009
11 31 -4.98033e-010
11 32 -2.18943e-009
11 33 -9.45822e-010
11 34 3.51201e-010
11 35 -3.51201e-010
11 36 2.39466e-010
11 37 -2.39466e-010
11 38 -6.34966e-010
11 39 6.34966e-010
11 40 -1.261e-009
11 41 -4.79988e-010
11 42 -8.44813e-010
11 43 -1.63295e-009
11 44 4.01061e-010
11 45 -1.71289e-012
11 46 7.39341e-010
11 47 1.2165e-009
11 48 -5.18111e-010
11 49 1.67953e-009
11 50 1.77614e-009
11 51 -6.48903e-010
11 52 1.04802e-009
11 53 4.10573e-010
11 54 -2.77518e-010
11 55 2.77518e-010
11 56 -4.38121e-010
11 57 4.38121e-010
11 58 8.77247e-010
11 59 -8.77247e-010
11 60 1.26493e-009
11 61 1.6281e-011
11 62 1.96819e-009
11 63 3.14478e-009
11 64 1.95491e-009
11 65 1.30586e-009
11 66 2.12665e-010
11 67 4.45686e-011
11 68 -8.01147e-010
11 69 -1.48108e-009
11 70 6.53044e-010
11 71 -1.30034e-009
11 72 -2.3869e-009
11 73 2.04326e-011
11 74 1.8122e-009
11 75 4.01141e-009
11 76 1.72939e-009
11 77 4.39942e-010
12 0 -2.1703e-009
12 1 1.08515e-009
12 2 1.08515e-009
12 3 0.387298
12 4 -2.24526e-009
12 5 0.387298
12 6 0.166667
12 7 -0.166667
12 8 -0.333333
12 9 0.333333
12 10 0.166667
12 11 -0.166667
12 12 1
12 13 0.0845154
12 14 0.140859
12 15 0.0281718
12 16 -0.186411
12 17 0.169031
12 18 6.73027e-010
12 19 -6.73027e-010
12 20 2.01334e-009
12 21 -2.01334e-009
12 22 2.46696e-011
12 23 -2.46696e-011
12 24 -0.0406625
12 25 -0.0347356
12 26 6.37716e-009
12 27 -8.37182e-010
12 28 -4.24656e-010
12 29 1.13137e-009
12 30 -3.49308e-009
12 31 -3.55774e-009
12 32 6.87768e-009
12 33 -5.35825e-010
12 34 -1.14261e-009
12 35 1.14261e-009
12 36 -2.0821e-009
12 37 2.0821e-009
12 38 4.31093e-010
12 39 -4.31093e-010
12 40 3.49791e-009
12 41 -6.81972e-009
12 42 -1.67284e-009
12 43 -2.13132e-009
12 44 -4.26475e-009
12 45 3.31353e-010
12 46 3.11873e-011
12 47 -6.18527e-010
12 48 2.89067e-009
12 49 1.08733e-009
12 50 -7.78154e-009
12 51 -3.63111e-009
12 52 -1.06304e-008
12 53 -4.75887e-009
12 54 6.76577e-010
12 55 -6.76577e-010
12 56 2.63694e-009
12 57 -2.63694e-009
12 58 -2.20446e-010
12 59 2.20446e-010
12 60 -3.44026e-009
12 61 8.33563e-009
12 62 9.97653e-010
12 63 -6.28941e-009
12 64 -1.85616e-008
12 65 -1.55208e-008
12 66 -1.60152e-009
12 67 -5.71819e-010
12 68 -1.64229e-010
12 69 7.06023e-010
12 70 -2.59064e-009
12 71 -2.98237e-009
12 72 8.72737e-009
12 73 4.45815e-009
12 74 -1.28863e-008
12 75 -2.98896e-008
12 76 -1.0956e-008
12 77 -2.5345e-010
13 0 -9.63712e-011
13 1 -5.59195e-011
13 2 1.52291e-010
13 3 5.04477e-010
13 4 -5.19131e-010
13 5 9.91408e-010
13 6 0.0845154
13 7 -0.0845154
13 8 -9.20693e-010
13 9 9.20693e-010
13 10 1.63872e-010
13 11 -1.63872e-010
13 12 0.0845154
13 13 0.4
13 14 7.74091e-010
13 15 -4.81772e-010
13 16 -0.0551411
13 17 0.15
13 18 0.0629941
13 19 -0.0629941
13 20 4.722e-010
13 21 -4.722e-010
13 22 -3.61991e-010
13 23 3.61991e-010
13 24 0.0160375
13 25 -0.0547997
13 26 0.353553
13 27 -4.49673e-010
13 28 -7.49479e-010
13 29 6.92898e-011
13 30 -0.00189934
13 31 0.00745356
13 32 -0.0534523
13 33 -2.26273e-009
13 34 3.77334e-010
13 35 -3.77334e-010
13 36 -1.46033e-011
13 37 1.46033e-011
13 38 5.19868e-011
13 39 -5.19868e-011
13 40 -1.81846e-011
13 41 6.18349e-010
13 42 -6.92953e-011
13 43 -1.48939e-009
13 44 -7.0723e-010
13 45 4.22976e-010
13 46 1.57616e-010
13 47 -3.12002e-010
13 48 1.96329e-010
13 49 -2.72187e-011
13 50 2.12457e-010
13 51 -1.17274e-009
13 52 -5.98999e-010
13 53 1.80157e-009
13 54 -2.21332e-010
13 55 2.21332e-010
13 56 5.14157e-010
13 57 -5.14157e-010
13 58 -2.71962e-010
13 59 2.71962e-010
13 60 -1.02095e-009
13 61 3.34255e-010
13 62 1.1902e-009
13 63 -5.55329e-010
13 64 -1.38629e-009
13 65 7.75694e-010
13 66 9.93361e-010
13 67 -3.82225e-010
13 68 -4.87105e-010
13 69 2.50747e-010
13 70 6.82135e-010
13 71 -1.17741e-009
13 72 -7.24473e-010
13 73 2.63317e-009
13 74 7.48502e-010
13 75 2.45739e-010
13 76 7.79213e-010
13 77 -1.53221e-009
14 0 1.88763e-010
14 1 1.90083e-010
14 2 -3.78846e-010
14 3 -1.33603e-010
14 4 -1.94795e-011
14 5 4.42051e-010
14 6 -0.0093906
14 7 0.0093906
14 8 -0.093906
14 9 0.093906
14 10 0.244156
14 11 -0.244156
14 12 0.140859
14 13 7.74091e-010
14 14 0.444444
14 15 0.0555556
14 16 -0.398241
14 17 0.0833333
14 18 3.10995e-010
14 19 -3.10995e-010
14 20 -0.125988
14 21 0.125988
14 22 0.0629941
14 23 -0.0629941
14 24 0.240563
14 25 -0.136999
14 26 2.70447e-009
14 27 -3.71819e-010
14 28 3.8897e-010
14 29 5.89739e-010
14 30 -0.0474836
14 31 0.0372678
14 32 3.7064e-009
14 33 9.18424e-010
14 34 -2.54479e-010
14 35 2.54479e-010
14 36 -3.93303e-010
14 37 3.93303e-010
14 38 -3.42108e-010
14 39 3.42108e-010
14 40 6.19078e-010
14 41 -2.52168e-009
14 42 8.6211e-010
14 43 1.07803e-009
14 44 -1.28697e-009
14 45 2.25256e-010
14 46 -6.80893e-010
14 47 -7.1101e-010
14 48 1.5891e-009
14 49 -6.62593e-010
14 50 -3.42178e-009
14 51 -1.35042e-009
14 52 -2.79864e-009
14 53 -1.37066e-009
14 54 9.48781e-011
14 55 -9.48781e-011
14 56 7.97458e-010
14 57 -7.97458e-010
14 58 1.70445e-010
14 59 -1.70445e-010
14 60 -1.18703e-009
14 61 3.00878e-009
14 62 -1.16381e-009
14 63 -4.02605e-009
14 64 -5.58732e-009
14 65 -4.95508e-009
14 66 -4.88309e-010
14 67 -3.15931e-010
14 68 6.63875e-010
14 69 8.04662e-010
14 70 -1.32311e-009
14 71 1.77671e-010
14 72 3.26531e-009
14 73 8.272e-010
14 74 -3.97079e-009
14 75 -9.44987e-009
14 76 -4.62823e-009
14 77 -5.59119e-010
15 0 1.04352e-009
15 1 -1.90083e-010
15 2 -8.53435e-010
15 3 -6.97934e-010
15 4 8.51016e-010
15 5 -7.24342e-010
15 6 0.0093906
15 7 -0.0093906
15 8 -0.0751248
15 9 0.0751248
15 10 0.093906
15 11 -0.093906
15 12 0.0281718
15 13 -4.81772e-010
15 14 0.0555556
15 15 0.444444
15 16 -0.263452
15 17 -0.0833333
15 18 5.61741e-011
15 19 -5.61741e-011
15 20 -0.188982
15 21 0.188982
15 22 0.125988
15 23 -0.125988
15 24 0.400938
15 25 0.136999
15 26 -1.67042e-009
15 27 2.20486e-010
15 28 4.54698e-010
15 29 3.91006e-010
15 30 -0.142451
15 31 -0.0372678
15 32 -1.90979e-009
15 33 -2.095e-011
15 34 1.37689e-012
15 35 -1.37689e-012
15 36 6.9773e-010
15 37 -6.9773e-010
15 38 -3.4318e-010
15 39 3.4318e-010
15 40 -3.89067e-010
15 41 2.2402e-009
15 42 3.84151e-010
15 43 6.58473e-010
15 44 1.13562e-009
15 45 -4.45993e-011
15 46 -4.48872e-010
15 47 -4.64154e-010
15 48 3.24411e-010
15 49 -6.83751e-011
15 50 2.0288e-009
15 51 2.02041e-009
15 52 2.72421e-009
15 53 9.94945e-010
15 54 9.27513e-011
15 55 -9.27513e-011
15 56 -7.09978e-010
15 57 7.09978e-010
15 58 2.6799e-010
15 59 -2.6799e-010
15 60 3.96453e-010
15 61 -2.03941e-009
15 62 -5.74765e-010
15 63 1.1581e-009
15 64 3.7447e-009
15 65 3.34254e-009
15 66 5.40737e-010
15 67 8.57381e-011
15 68 5.26608e-010
15 69 6.35206e-010
15 70 -5.19686e-010
15 71 -6.39359e-012
15 72 -1.86435e-009
15 73 -1.06482e-009
15 74 1.2595e-009
15 75 5.2015e-009
15 76 2.62229e-009
15 77 5.0826e-011
16 0 -1.46583e-009
16 1 1.05489e-010
16 2 1.36034e-009
16 3 -0.112306
16 4 -1.86732e-009
16 5 -0.112306
16 6 -0.0828493
16 7 0.0828493
16 8 0.165699
16 9 -0.165699
16 10 -0.393534
16 11 0.393534
16 12 -0.186411
16 13 -0.0551411
16 14 -0.398241
16 15 -0.263452
16 16 1
16 17 0.0735215
16 18 -8.53788e-010
16 19 8.53788e-010
16 20 0.173678
16 21 -0.173678
16 22 -0.0578927
16 23 0.0578927
16 24 -0.400894
16 25 0.161158
16 26 0.108307
16 27 2.29353e-010
16 28 -1.40088e-009
16 29 -8.2831e-010
16 30 0.0139642
16 31 -0.0547997
16 32 -0.0163745
16 33 -1.30671e-009
16 34 5.66938e-010
16 35 -5.66938e-010
16 36 -1.04073e-009
16 37 1.04073e-009
16 38 -3.71776e-011
16 39 3.71776e-011
16 40 9.51962e-010
16 41 -1.44814e-009
16 42 -2.18812e-009
16 43 -2.81978e-009
16 44 -7.9359e-010
16 45 -4.79483e-010
16 46 1.80856e-009
16 47 7.5182e-010
16 48 -1.27784e-009
16 49 3.79514e-009
16 50 1.34605e-009
16 51 -2.92619e-009
16 52 -4.25533e-009
16 53 -8.29322e-010
16 54 -6.01318e-010
16 55 6.01318e-010
16 56 5.2987e-010
16 57 -5.2987e-010
16 58 8.27785e-011
16 59 -8.27785e-011
16 60 -3.7827e-010
16 61 -5.47624e-010
16 62 3.10047e-009
16 63 3.82408e-009
16 64 -3.95401e-009
16 65 -2.58586e-009
16 66 -1.02934e-009
16 67 5.5099e-010
16 68 -1.93758e-009
16 69 -1.07678e-009
16 70 1.59198e-009
16 71 -2.70114e-009
16 72 -1.47148e-009
16 73 9.34345e-010
16 74 3.9407e-010
16 75 3.53939e-010
16 76 1.73915e-009
16 77 5.66617e-010
17 0 -3.41967e-009
17 1 2.05119e-009
17 2 1.36848e-009
17 3 4.03185e-009
17 4 -4.11044e-009
17 5 4.72263e-009
17 6 0.394405
17 7 -0.394405
17 8 -0.112687
17 9 0.112687
17 10 -0.112687
17 11 0.112687
17 12 0.169031
17 13 0.15
17 14 0.0833333
17 15 -0.0833333
17 16 0.0735215
17 17 1
17 18 0.0755929
17 19 -0.0755929
17 20 -0.0188982
17 21 0.0188982
17 22 -0.0188982
17 23 0.0188982
17 24 -0.0962251
17 25 0.0821995
17 26 0.176777
17 27 -1.41861e-009
17 28 -2.15122e-009
17 29 5.27069e-010
17 30 0.0227921
17 31 -0.0894427
17 32 -0.0267261
17 33 -2.90357e-009
17 34 -1.8681e-010
17 35 1.8681e-010
17 36 -2.02661e-009
17 37 2.02661e-009
17 38 -1.88808e-010
17 39 1.88808e-010
17 40 2.98017e-009
17 41 -4.52798e-009
17 42 -1.71203e-009
17 43 -6.58878e-009
17 44 -5.04482e-009
17 45 9.35441e-010
17 46 1.31814e-009
17 47 -8.33081e-010
17 48 1.07775e-009
17 49 3.00423e-009
17 50 -2.67783e-009
17 51 -8.32194e-009
17 52 -1.04127e-008
17 53 -1.93194e-009
17 54 1.37506e-011
17 55 -1.37506e-011
17 56 2.70611e-009
17 57 -2.70611e-009
17 58 -2.38908e-010
17 59 2.38908e-010
17 60 -4.15687e-009
17 61 4.79224e-009
17 62 3.55076e-009
17 63 -2.86381e-009
17 64 -1.61061e-008
17 65 -7.84849e-009
17 66 1.15808e-009
17 67 -9.54678e-010
17 68 -1.76913e-009
17 69 4.49619e-010
17 70 6.83196e-010
17 71 -3.99263e-009
17 72 2.42694e-009
17 73 7.34489e-009
17 74 -5.64213e-009
17 75 -1.34103e-008
17 76 -3.51756e-009
17 77 -2.59853e-010
18 0 -1.22385e-010
18 1 1.66574e-010
18 2 -4.41889e-011
18 3 2.39421e-010
18 4 -1.28814e-010
18 5 5.85267e-010
18 6 2.18913e-010
18 7 -2.18913e-010
18 8 -3.07472e-010
18 9 3.07472e-010
18 10 4.75087e-010
18 11 -4.75087e-010
18 12 6.73027e-010
18 13 0.0629941
18 14 3.10995e-010
18 15 5.61741e-011
18 16 -8.53788e-010
18 17 0.0755929
18 18 0.314286
18 19 -0.314286
18 20 1.43715e-010
18 21 -1.43715e-010
18 22 -3.36387e-010
18 23 3.36387e-010
18 24 6.42402e-011
18 25 -0.0372822
18 26 0.133631
18 27 0.0502519
18 28 -4.15623e-010
18 29 -3.73594e-010
18 30 7.57174e-010
18 31 0.00921986
18 32 -0.0367328
18 33 0.319939
18 34 3.44528e-010
18 35 -3.44528e-010
18 36 1.83116e-010
18 37 -1.83116e-010
18 38 -1.91769e-010
18 39 1.91769e-010
18 40 -7.61533e-010
18 41 -0.000945424
18 42 0.00409466
18 43 -0.0378092
18 44 1.91734e-009
18 45 -9.17452e-010
18 46 8.49579e-011
18 47 -1.5493e-010
18 48 4.18065e-010
18 49 7.68022e-010
18 50 1.49669e-010
18 51 -7.91022e-010
18 52 -7.44607e-011
18 53 3.6054e-010
18 54 -2.97576e-010
18 55 2.97576e-010
18 56 5.14195e-011
18 57 -5.14195e-011
18 58 -2.38852e-010
18 59 2.38852e-010
18 60 -4.62636e-010
18 61 -8.59855e-010
18 62 1.46458e-009
18 63 1.63212e-009
18 64 6.25621e-010
18 65 6.51318e-010
18 66 -2.45277e-009
18 67 1.0126e-009
18 68 -2.3412e-010
18 69 -7.65997e-011
18 70 5.15478e-010
18 71 -2.96655e-010
18 72 -1.37792e-009
18 73 1.1909e-010
18 74 1.84226e-009
18 75 2.86888e-009
18 76 1.61812e-009
18 77 1.90115e-011
19 0 1.22385e-010
19 1 -1.66574e-010
19 2 4.41889e-011
19 3 -2.39421e-010
19 4 1.28814e-010
19 5 -5.85267e-010
19 6 -2.18913e-010
19 7 2.18913e-010
19 8 3.07472e-010
19 9 -3.07472e-010
19 10 -4.75087e-010
19 11 4.75087e-010
19 12 -6.73027e-010
19 13 -0.0629941
19 14 -3.10995e-010
19 15 -5.61741e-011
19 16 8.53788e-010
19 17 -0.0755929
19 18 -0.314286
19 19 0.314286
19 20 -1.43715e-010
19 21 1.43715e-010
19 22 3.36387e-010
19 23 -3.36387e-010
19 24 -6.42402e-011
19 25 0.0372822
19 26 -0.133631
19 27 -0.0502519
19 28 4.15623e-010
19 29 3.73594e-010
19 30 -7.57174e-010
19 31 -0.00921986
19 32 0.0367328
19 33 -0.319939
19 34 -3.44528e-010
19 35 3.44528e-010
19 36 -1.83116e-010
19 37 1.83116e-010
19 38 1.91769e-010
19 39 -1.91769e-010
19 40 7.61533e-010
19 41 0.000945424
19 42 -0.00409466
19 43 0.0378092
19 44 -1.91734e-009
19 45 9.17452e-010
19 46 -8.49579e-011
19 47 1.5493e-010
19 48 -4.18065e-010
19 49 -7.68022e-010
19 50 -1.49669e-010
19 51 7.91022e-010
19 52 7.44607e-011
19 53 -3.6054e-010
19 54 2.97576e-010
19 55 -2.97576e-010
19 56 -5.14195e-011
19 57 5.14195e-011
19 58 2.38852e-010
19 59 -2.38852e-010
19 60 4.62636e-010
19 61 8.59855e-010
19 62 -1.46458e-009
19 63 -1.63212e-009
19 64 -6.25621e-010
19 65 -6.51318e-010
19 66 2.45277e-009
19 67 -1.0126e-009
19 68 2.3412e-010
19 69 7.65997e-011
19 70 -5.15478e-010
19 71 2.96655e-010
19 72 1.37792e-009
19 73 -1.1909e-010
19 74 -1.84226e-009
19 75 -2.86888e-009
19 76 -1.61812e-009
19 77 -1.90115e-011
20 0 -9.85946e-010
20 1 2.80597e-010
20 2 7.05349e-010
20 3 7.80086e-010
20 4 -1.09115e-009
20 5 1.37505e-009
20 6 7.00905e-010
20 7 -7.00905e-010
20 8 -1.3216e-009
20 9 1.3216e-009
20 10 1.04247e-011
20 11 -1.04247e-011
20 12 2.01334e-009
20 13 4.722e-010
20 14 -0.125988
20 15 -0.188982
20 16 0.173678
20 17 -0.0188982
20 18 1.43715e-010
20 19 -1.43715e-010
20 20 0.4
20 21 -0.4
20 22 -0.1
20 23 0.1
20 24 -0.418251
20 25 0.11806
20 26 1.88858e-009
20 27 -9.21798e-011
20 28 -0.140705
20 29 -0.0603023
20 30 0.280954
20 31 -0.155969
20 32 2.22354e-009
20 33 1.0239e-011
20 34 -2.11203e-010
20 35 2.11203e-010
20 36 -1.54444e-009
20 37 1.54444e-009
20 38 2.40387e-010
20 39 -2.40387e-010
20 40 -0.0619441
20 41 0.0463258
20 42 -9.8677e-010
20 43 -9.46748e-010
20 44 -8.08947e-010
20 45 -6.06477e-011
20 46 -9.30107e-011
20 47 -6.73973e-010
20 48 1.08223e-009
20 49 5.5743e-010
20 50 -3.19449e-009
20 51 -3.03783e-009
20 52 -3.11634e-009
20 53 -1.24243e-009
20 54 7.66536e-011
20 55 -7.66536e-011
20 56 1.91277e-009
20 57 -1.91277e-009
20 58 -4.05584e-010
20 59 4.05584e-010
20 60 -1.96622e-009
20 61 2.97531e-009
20 62 7.77724e-010
20 63 -3.33162e-009
20 64 -5.9676e-009
20 65 -4.38314e-009
20 66 -1.00608e-009
20 67 -9.06054e-012
20 68 -1.77493e-012
20 69 6.67937e-010
20 70 -6.85668e-010
20 71 -1.07266e-009
20 72 3.66232e-009
20 73 2.27828e-009
20 74 -4.37383e-009
20 75 -8.07599e-009
20 76 -3.39711e-009
20 77 -3.23617e-010
21 0 9.85946e-010
21 1 -2.80597e-010
21 2 -7.05349e-010
21 3 -7.80086e-010
21 4 1.09115e-009
21 5 -1.37505e-009
21 6 -7.00905e-010
21 7 7.00905e-010
21 8 1.3216e-009
21 9 -1.3216e-009
21 10 -1.04247e-011
21 11 1.04247e-011
21 12 -2.01334e-009
21 13 -4.722e-010
21 14 0.125988
21 15 0.188982
21 16 -0.173678
21 17 0.0188982
21 18 -1.43715e-010
21 19 1.43715e-010
21 20 -0.4
21 21 0.4
21 22 0.1
21 23 -0.1
21 24 0.418251
21 25 -0.11806
21 26 -1.88858e-009
21 27 9.21798e-011
21 28 0.140705
21 29 0.0603023
21 30 -0.280954
21 31 0.155969
21 32 -2.22354e-009
21 33 -1.0239e-011
21 34 2.11203e-010
21 35 -2.11203e-010
21 36 1.54444e-009
21 37 -1.54444e-009
21 38 -2.40387e-010
21 39 2.40387e-010
21 40 0.0619441
21 41 -0.0463258
21 42 9.8677e-010
21 43 9.46748e-010
21 44 8.08947e-010
21 45 6.06477e-011
21 46 9.30107e-011
21 47 6.73973e-010
21 48 -1.08223e-009
21 49 -5.5743e-010
21 50 3.19449e-009
21 51 3.03783e-009
21 52 3.11634e-009
21 53 1.24243e-009
21 54 -7.66536e-011
21 55 7.66536e-011
21 56 -1.91277e-009
21 57 1.91277e-009
21 58 4.05584e-010
21 59 -4.05584e-010
21 60 1.96622e-009
21 61 -2.97531e-009
21 62 -7.77724e-010
21 63 3.33162e-009
21 64 5.9676e-009
21 65 4.38314e-009
21 66 1.00608e-009
21 67 9.06054e-012
21 68 1.77493e-012
21 69 -6.67937e-010
21 70 6.85668e-010
21 71 1.07266e-009
21 72 -3.66232e-009
21 73 -2.27828e-009
21 74 4.37383e-009
21 75 8.07599e-009
21 76 3.39711e-009
21 77 3.23617e-010
22 0 -3.45056e-010
22 1 2.80597e-010
22 2 6.44586e-011
22 3 2.46289e-010
22 4 -5.57357e-010
22 5 1.61678e-010
22 6 4.15905e-011
22 7 -4.15905e-011
22 8 7.75982e-012
22 9 -7.75982e-012
22 10 6.58229e-011
22 11 -6.58229e-011
22 12 2.46696e-011
22 13 -3.61991e-010
22 14 0.0629941
22 15 0.125988
22 16 -0.0578927
22 17 -0.0188982
22 18 -3.36387e-010
22 19 3.36387e-010
22 20 -0.1
22 21 0.1
22 22 0.4
22 23 -0.4
22 24 0.309142
22 25 0.11806
22 26 -1.36615e-009
22 27 2.30529e-010
22 28 0.160806
22 29 0.140705
22 30 -0.404299
22 31 -0.155969
22 32 -2.01096e-009
22 33 -9.08683e-010
22 34 2.18091e-010
22 35 -2.18091e-010
22 36 2.62191e-010
22 37 -2.62191e-010
22 38 -7.20695e-010
22 39 7.20695e-010
22 40 0.144536
22 41 0.0463258
22 42 -8.09959e-010
22 43 -1.50091e-009
22 44 6.57959e-010
22 45 -2.17206e-010
22 46 6.6871e-010
22 47 1.09069e-009
22 48 -4.8314e-010
22 49 1.60365e-009
22 50 2.00858e-009
22 51 -2.53158e-010
22 52 8.70115e-010
22 53 4.24993e-010
22 54 -1.47602e-010
22 55 1.47602e-010
22 56 -5.05502e-010
22 57 5.05502e-010
22 58 1.0656e-009
22 59 -1.0656e-009
22 60 1.34406e-009
22 61 4.22403e-011
22 62 1.56835e-009
22 63 2.68401e-009
22 64 2.0413e-009
22 65 1.46125e-009
22 66 -2.17308e-010
22 67 2.62546e-010
22 68 -6.885e-010
22 69 -1.24668e-009
22 70 3.97905e-010
22 71 -1.47605e-009
22 72 -2.45241e-009
22 73 7.016e-011
22 74 1.58033e-009
22 75 3.5307e-009
22 76 1.95898e-009
22 77 4.19077e-010
23 0 3.45056e-010
23 1 -2.80597e-010
23 2 -6.44586e-011
23 3 -2.46289e-010
23 4 5.57357e-010
23 5 -1.61678e-010
23 6 -4.15905e-011
23 7 4.15905e-011
23 8 -7.75982e-012
23 9 7.75982e-012
23 10 -6.58229e-011
23 11 6.58229e-011
23 12 -2.46696e-011
23 13 3.61991e-010
23 14 -0.0629941
23 15 -0.125988
23 16 0.0578927
23 17 0.0188982
23 18 3.36387e-010
23 19 -3.36387e-010
23 20 0.1
23 21 -0.1
23 22 -0.4
23 23 0.4
23 24 -0.309142
23 25 -0.11806
23 26 1.36615e-009
23 27 -2.30529e-010
23 28 -0.160806
23 29 -0.140705
23 30 0.404299
23 31 0.155969
23 32 2.01096e-009
23 33 9.08683e-010
23 34 -2.18091e-010
23 35 2.18091e-010
23 36 -2.62191e-010
23 37 2.62191e-010
23 38 7.20695e-010
23 39 -7.20695e-010
23 40 -0.144536
23 41 -0.0463258
23 42 8.09959e-010
23 43 1.50091e-009
23 44 -6.57959e-010
23 45 2.17206e-010
23 46 -6.6871e-010
23 47 -1.09069e-009
23 48 4.8314e-010
23 49 -1.60365e-009
23 50 -2.00858e-009
23 51 2.53158e-010
23 52 -8.70115e-010
23 53 -4.24993e-010
23 54 1.47602e-010
23 55 -1.47602e-010
23 56 5.05502e-010
23 57 -5.05502e-010
23 58 -1.0656e-009
23 59 1.0656e-009
23 60 -1.34406e-009
23 61 -4.22403e-011
23 62 -1.56835e-009
23 63 -2.68401e-009
23 64 -2.0413e-009
23 65 -1.46125e-009
23 66 2.17308e-010
23 67 -2.62546e-010
23 68 6.885e-010
23 69 1.24668e-009
23 70 -3.97905e-010
23 71 1.47605e-009
23 72 2.45241e-009
23 73 -7.016e-011
23 74 -1.58033e-009
23 75 -3.5307e-009
23 76 -1.95898e-009
23 77 -4.19077e-010
24 0 1.53567e-009
24 1 -5.16692e-010
24 2 -1.01898e-009
24 3 -1.60403e-009
24 4 1.62748e-009
24 5 -1.87262e-009
24 6 0.0135542
24 7 -0.0135542
24 8 -0.0271083
24 9 0.0271083
24 10 0.135542
24 11 -0.135542
24 12 -0.0406625
24 13 0.0160375
24 14 0.240563
24 15 0.400938
24 16 -0.400894
24 17 -0.0962251
24 18 6.42402e-011
24 19 -6.42402e-011
24 20 -0.418251
24 21 0.418251
24 22 0.309142
24 23 -0.309142
24 24 1
24 25 0.0474579
24 26 -0.102062
24 27 2.56542e-010
24 28 0.179109
24 29 0.076761
24 30 -0.50443
24 31 0.144748
24 32 0.133262
24 33 1.04301e-010
24 34 2.15134e-010
24 35 -2.15134e-010
24 36 1.67502e-009
24 37 -1.67502e-009
24 38 -4.91465e-010
24 39 4.91465e-010
24 40 0.0578241
24 41 -0.0589698
24 42 -0.0291886
24 43 1.05742e-009
24 44 2.18496e-009
24 45 1.42471e-010
24 46 -8.12352e-011
24 47 5.18979e-010
24 48 -1.93301e-009
24 49 -1.14037e-009
24 50 6.01954e-009
24 51 3.85002e-009
24 52 7.32063e-009
24 53 3.26968e-009
24 54 1.0142e-010
24 55 -1.0142e-010
24 56 -2.03008e-009
24 57 2.03008e-009
24 58 6.58353e-010
24 59 -6.58353e-010
24 60 2.65854e-009
24 61 -5.17667e-009
24 62 -1.08783e-009
24 63 3.36564e-009
24 64 1.25124e-008
24 65 1.15041e-008
24 66 2.21666e-009
24 67 1.09051e-012
24 68 1.84e-010
24 69 -4.24401e-010
24 70 1.38507e-009
24 71 1.4655e-009
24 72 -6.29435e-009
24 73 -2.55308e-009
24 74 8.18635e-009
24 75 1.88237e-008
24 76 7.5603e-009
24 77 4.01602e-010
25 0 -4.82869e-009
25 1 2.34829e-009
25 2 2.4804e-009
25 3 5.9459e-009
25 4 -5.91962e-009
25 5 5.14864e-009
25 6 -0.0810498
25 7 0.0810498
25 8 0.0231571
25 9 -0.0231571
25 10 0.0231571
25 11 -0.0231571
25 12 -0.0347356
25 13 -0.0547997
25 14 -0.136999
25 15 0.136999
25 16 0.161158
25 17 0.0821995
25 18 -0.0372822
25 19 0.0372822
25 20 0.11806
25 21 -0.11806
25 22 0.11806
25 23 -0.11806
25 24 0.0474579
25 25 1
25 26 0.116248
25 27 4.36858e-010
25 28 -0.0306005
25 29 0.0306005
25 30 -0.109004
25 31 -0.110282
25 32 0.183739
25 33 0.114603
25 34 -9.37965e-011
25 35 9.37965e-011
25 36 -2.81192e-009
25 37 2.81192e-009
25 38 9.85693e-010
25 39 -9.85693e-010
25 40 0.0314337
25 41 -0.07916
25 42 -0.0498682
25 43 -0.0135433
25 44 -2.86972e-009
25 45 -9.79367e-010
25 46 3.0945e-009
25 47 -1.02666e-009
25 48 -2.50621e-009
25 49 5.11423e-009
25 50 1.41401e-009
25 51 -9.43799e-009
25 52 -1.1512e-008
25 53 -2.01348e-009
25 54 -4.75354e-011
25 55 4.75354e-011
25 56 2.09217e-009
25 57 -2.09217e-009
25 58 -9.35478e-010
25 59 9.35478e-010
25 60 -3.07274e-009
25 61 5.58591e-011
25 62 2.76143e-009
25 63 1.39949e-009
25 64 -1.1688e-008
25 65 -4.77715e-009
25 66 -1.86096e-009
25 67 1.08448e-009
25 68 -3.14524e-009
25 69 8.86193e-010
25 70 2.5524e-009
25 71 -4.63311e-009
25 72 -7.22612e-012
25 73 7.62912e-009
25 74 -1.75898e-009
25 75 -5.15116e-009
25 76 2.50801e-009
25 77 1.20573e-009
26 0 -3.59354e-009
26 1 1.79174e-009
26 2 1.8018e-009
26 3 3.91938e-009
26 4 -4.60878e-009
26 5 4.72469e-009
26 6 1.53069e-009
26 7 -1.53069e-009
26 8 -2.31114e-009
26 9 2.31114e-009
26 10 1.28811e-009
26 11 -1.28811e-009
26 12 6.37716e-009
26 13 0.353553
26 14 2.70447e-009
26 15 -1.67042e-009
26 16 0.108307
26 17 0.176777
26 18 0.133631
26 19 -0.133631
26 20 1.88858e-009
26 21 -1.88858e-009
26 22 -1.36615e-009
26 23 1.36615e-009
26 24 -0.102062
26 25 0.116248
26 26 1
26 27 0.0671519
26 28 -2.43015e-009
26 29 6.21802e-010
26 30 0.0384597
26 31 -0.0934309
26 32 0.188982
26 33 0.176045
26 34 1.02669e-009
26 35 -1.02669e-009
26 36 -1.52592e-009
26 37 1.52592e-009
26 38 8.13355e-010
26 39 -8.13355e-010
26 40 -0.00551842
26 41 0.0176873
26 42 -0.0842645
26 43 -0.0208043
26 44 -1.23016e-009
26 45 -1.3861e-010
26 46 2.31491e-009
26 47 -9.25556e-010
26 48 -2.24459e-009
26 49 3.76571e-009
26 50 3.79836e-009
26 51 -8.6102e-009
26 52 -4.37527e-009
26 53 1.87512e-009
26 54 -8.04272e-010
26 55 8.04272e-010
26 56 1.4085e-009
26 57 -1.4085e-009
26 58 -1.36669e-009
26 59 1.36669e-009
26 60 -2.60451e-009
26 61 -2.65454e-009
26 62 3.93916e-009
26 63 4.06399e-009
26 64 -3.30447e-009
26 65 2.83135e-009
26 66 8.04628e-010
26 67 3.39411e-010
26 68 -2.61121e-009
26 69 5.14901e-010
26 70 3.4518e-009
26 71 -3.12559e-009
26 72 -3.58021e-009
26 73 6.91335e-009
26 74 3.59303e-009
26 75 9.28094e-009
26 76 6.66085e-009
26 77 -2.02766e-010
27 0 -8.17333e-010
27 1 5.04718e-010
27 2 3.12615e-010
27 3 3.23104e-010
27 4 -3.60069e-010
27 5 -3.53754e-010
27 6 -1.17771e-009
27 7 1.17771e-009
27 8 5.96601e-010
27 9 -5.96601e-010
27 10 -2.01174e-011
27 11 2.01174e-011
27 12 -8.37182e-010
27 13 -4.49673e-010
27 14 -3.71819e-010
27 15 2.20486e-010
27 16 2.29353e-010
27 17 -1.41861e-009
27 18 0.0502519
27 19 -0.0502519
27 20 -9.21798e-011
27 21 9.21798e-011
27 22 2.30529e-010
27 23 -2.30529e-010
27 24 2.56542e-010
27 25 4.36858e-010
27 26 0.0671519
27 27 0.259259
27 28 3.33961e-010
27 29 1.98274e-010
27 30 -4.14386e-010
27 31 -3.14976e-010
27 32 -0.025381
27 33 0.12137
27 34 0.0418121
27 35 -0.0418121
27 36 -3.61584e-010
27 37 3.61584e-010
27 38 2.5789e-010
27 39 -2.5789e-010
27 40 7.84706e-010
27 41 2.93875e-010
27 42 0.00522325
27 43 -0.0264794
27 44 0.293568
27 45 -3.55237e-010
27 46 4.00276e-010
27 47 2.65268e-010
27 48 -1.16059e-009
27 49 5.02025e-010
27 50 -0.000461663
27 51 0.0024652
27 52 -0.0283439
27 53 -1.64954e-009
27 54 4.40233e-010
27 55 -4.40233e-010
27 56 -3.23064e-010
27 57 3.23064e-010
27 58 6.51672e-011
27 59 -6.51672e-011
27 60 8.40273e-010
27 61 -1.15487e-009
27 62 -7.62025e-010
27 63 1.10788e-009
27 64 1.60882e-009
27 65 1.05962e-009
27 66 -2.92105e-010
27 67 3.46913e-010
27 68 -5.27813e-011
27 69 -2.08116e-010
27 70 1.02259e-010
27 71 6.86885e-010
27 72 -1.56213e-010
27 73 -1.47408e-009
27 74 1.59804e-010
27 75 2.3331e-009
27 76 1.09291e-009
27 77 2.08968e-009
28 0 -4.75116e-010
28 1 -2.09262e-010
28 2 6.84377e-010
28 3 5.12715e-010
28 4 -3.61982e-010
28 5 -2.54476e-010
28 6 -3.37112e-010
28 7 3.37112e-010
28 8 6.6138e-011
28 9 -6.6138e-011
28 10 6.95839e-010
28 11 -6.95839e-010
28 12 -4.24656e-010
28 13 -7.49479e-010
28 14 3.8897e-010
28 15 4.54698e-010
28 16 -1.40088e-009
28 17 -2.15122e-009
28 18 -4.15623e-010
28 19 4.15623e-010
28 20 -0.140705
28 21 0.140705
