0 0 0
0 1 0
0 2 0
0 3 0
0 4 0
0 5 0
0 6 0
0 7 0
0 8 0
0 9 0
0 10 0
0 11 0
0 12 0
0 13 0
0 14 0
0 15 0
0 16 0
0 17 0
0 18 0
0 19 0
0 20 0
0 21 0
0 22 0
0 23 0
0 24 0
0 25 0
0 26 0
0 27 0
0 28 0
0 29 0
0 30 0
0 31 0
0 32 0
0 33 0
0 34 0
0 35 0
0 36 0
0 37 0
0 38 0
0 39 0
0 40 0
0 41 0
0 42 0
0 43 0
0 44 0
0 45 0
0 46 0
0 47 0
0 48 0
0 49 0
0 50 0
0 51 0
0 52 0
0 53 0
0 54 0
0 55 0
0 56 0
0 57 0
0 58 0
0 59 0
0 60 0
0 61 0
0 62 0
0 63 0
0 64 0
0 65 0
0 66 0
1 0 0
1 1 0.5
1 2 -0.5
1 3 0
1 4 -8.40552e-010
1 5 0.408248
1 6 -0.408248
1 7 -5.93608e-010
1 8 2.96804e-010
1 9 2.96804e-010
1 10 -1.08515e-009
1 11 5.59195e-011
1 12 -1.90083e-010
1 13 1.90083e-010
1 14 -1.05489e-010
1 15 -2.05119e-009
1 16 -1.66574e-010
1 17 -2.80597e-010
1 18 -2.80597e-010
1 19 5.16692e-010
1 20 -2.34829e-009
1 21 -1.79174e-009
1 22 -5.04718e-010
1 23 2.09262e-010
1 24 -2.09262e-010
1 25 1.8053e-010
1 26 3.16189e-010
1 27 -4.09774e-009
1 28 -8.34232e-010
1 29 1.44683e-010
1 30 2.53304e-010
1 31 2.53304e-010
1 32 -4.72595e-010
1 33 1.93169e-009
1 34 -8.8868e-010
1 35 -8.39746e-010
1 36 4.24545e-010
1 37 8.56878e-010
1 38 -2.41882e-010
1 39 2.41882e-010
1 40 -5.06479e-011
1 41 3.30021e-012
1 42 2.42198e-009
1 43 1.17012e-009
1 44 4.85131e-009
1 45 1.54588e-009
1 46 1.98081e-011
1 47 -2.16973e-010
1 48 -2.16973e-010
1 49 4.01172e-010
1 50 -1.6098e-009
1 51 1.21853e-009
1 52 2.4847e-009
1 53 5.0661e-009
1 54 4.90841e-009
1 55 2.96449e-009
1 56 -8.51236e-010
1 57 2.7445e-010
1 58 -2.7445e-010
1 59 -8.49015e-011
1 60 -5.4309e-011
1 61 -1.57808e-009
1 62 -3.48263e-010
1 63 9.32393e-010
1 64 7.98361e-009
1 65 3.00645e-009
1 66 2.46191e-010
2 0 0
2 1 -0.5
2 2 0.5
2 3 0
2 4 8.40552e-010
2 5 -0.408248
2 6 0.408248
2 7 5.93608e-010
2 8 -2.96804e-010
2 9 -2.96804e-010
2 10 1.08515e-009
2 11 -5.59195e-011
2 12 1.90083e-010
2 13 -1.90083e-010
2 14 1.05489e-010
2 15 2.05119e-009
2 16 1.66574e-010
2 17 2.80597e-010
2 18 2.80597e-010
2 19 -5.16692e-010
2 20 2.34829e-009
2 21 1.79174e-009
2 22 5.04718e-010
2 23 -2.09262e-010
2 24 2.09262e-010
2 25 -1.8053e-010
2 26 -3.16189e-010
2 27 4.09774e-009
2 28 8.34232e-010
2 29 -1.44683e-010
2 30 -2.53304e-010
2 31 -2.53304e-010
2 32 4.72595e-010
2 33 -1.93169e-009
2 34 8.8868e-010
2 35 8.39746e-010
2 36 -4.24545e-010
2 37 -8.56878e-010
2 38 2.41882e-010
2 39 -2.41882e-010
2 40 5.06479e-011
2 41 -3.30021e-012
2 42 -2.42198e-009
2 43 -1.17012e-009
2 44 -4.85131e-009
2 45 -1.54588e-009
2 46 -1.98081e-011
2 47 2.16973e-010
2 48 2.16973e-010
2 49 -4.01172e-010
2 50 1.6098e-009
2 51 -1.21853e-009
2 52 -2.4847e-009
2 53 -5.0661e-009
2 54 -4.90841e-009
2 55 -2.96449e-009
2 56 8.51236e-010
2 57 -2.7445e-010
2 58 2.7445e-010
2 59 8.49015e-011
2 60 5.4309e-011
2 61 1.57808e-009
2 62 3.48263e-010
2 63 -9.32393e-010
2 64 -7.98361e-009
2 65 -3.00645e-009
2 66 -2.46191e-010
3 0 0
3 1 0
3 2 0
3 3 0
3 4 0
3 5 0
3 6 0
3 7 0
3 8 0
3 9 0
3 10 0
3 11 0
3 12 0
3 13 0
3 14 0
3 15 0
3 16 0
3 17 0
3 18 0
3 19 0
3 20 0
3 21 0
3 22 0
3 23 0
3 24 0
3 25 0
3 26 0
3 27 0
3 28 0
3 29 0
3 30 0
3 31 0
3 32 0
3 33 0
3 34 0
3 35 0
3 36 0
3 37 0
3 38 0
3 39 0
3 40 0
3 41 0
3 42 0
3 43 0
3 44 0
3 45 0
3 46 0
3 47 0
3 48 0
3 49 0
3 50 0
3 51 0
3 52 0
3 53 0
3 54 0
3 55 0
3 56 0
3 57 0
3 58 0
3 59 0
3 60 0
3 61 0
3 62 0
3 63 0
3 64 0
3 65 0
3 66 0
4 0 0
4 1 -8.40552e-010
4 2 8.40552e-010
4 3 0
4 4 0.5
4 5 -6.86308e-010
4 6 6.86308e-010
4 7 4.34633e-010
4 8 1.37599e-010
4 9 1.37599e-010
4 10 0.387298
4 11 3.99131e-010
4 12 1.73317e-010
4 13 -1.73317e-010
4 14 -0.112306
4 15 2.35662e-009
4 16 2.51619e-010
4 17 -3.39674e-011
4 18 -3.39674e-011
4 19 -6.55389e-010
4 20 2.78899e-009
4 21 1.76126e-009
4 22 -9.24723e-011
4 23 -1.49004e-010
4 24 1.49004e-010
4 25 -9.82056e-010
4 26 -1.09762e-009
4 27 2.27827e-009
4 28 3.8915e-011
4 29 -4.16643e-010
4 30 6.62947e-011
4 31 6.62947e-011
4 32 4.9907e-010
4 33 -1.97674e-009
4 34 -1.41628e-010
4 35 -1.05123e-009
4 36 -9.23956e-010
4 37 -7.6435e-011
4 38 1.02376e-010
4 39 -1.02376e-010
4 40 9.25874e-010
4 41 6.90492e-010
4 42 -2.01683e-009
4 43 -5.15813e-010
4 44 -2.98742e-009
4 45 -2.25724e-009
4 46 2.2326e-010
4 47 -8.79337e-011
4 48 -8.79337e-011
4 49 -4.90208e-010
4 50 1.50621e-009
4 51 6.67127e-011
4 52 2.94165e-010
4 53 -4.87346e-009
4 54 -5.20088e-009
4 55 -9.29105e-010
4 56 1.76597e-011
4 57 -3.8513e-011
4 58 3.8513e-011
4 59 -8.67119e-010
4 60 -4.73982e-010
4 61 1.90312e-009
4 62 3.81702e-010
4 63 -3.22284e-009
4 64 -8.6313e-009
4 65 -3.11793e-009
4 66 8.23719e-010
5 0 0
5 1 0.408248
5 2 -0.408248
5 3 0
5 4 -6.86308e-010
5 5 0.5
5 6 -0.5
5 7 -7.07728e-010
5 8 0.129099
5 9 0.129099
5 10 -1.12263e-009
5 11 -4.13785e-010
5 12 -3.264e-010
5 13 3.264e-010
5 14 -2.35219e-010
5 15 -2.43521e-009
5 16 -1.41011e-010
5 17 -2.77101e-010
5 18 -2.77101e-010
5 19 6.78832e-010
5 20 -2.7627e-009
5 21 -2.45066e-009
5 22 5.55068e-011
5 23 2.99737e-010
5 24 -2.99737e-010
5 25 1.38248e-010
5 26 4.04048e-010
5 27 -4.15992e-009
5 28 -6.35259e-010
5 29 1.6242e-010
5 30 2.47679e-010
5 31 2.47679e-010
5 32 -5.10507e-010
5 33 2.27129e-009
5 34 -1.22015e-009
5 35 -3.07769e-010
5 36 1.51251e-009
5 37 2.57441e-010
5 38 -3.12716e-010
5 39 3.12716e-010
5 40 -3.35657e-011
5 41 -3.33761e-011
5 42 2.69926e-009
5 43 1.8081e-009
5 44 4.82306e-009
5 45 1.73529e-009
5 46 1.80579e-011
5 47 -2.08569e-010
5 48 -2.08569e-010
5 49 4.01509e-010
5 50 -1.88824e-009
5 51 1.54878e-009
5 52 2.60214e-009
5 53 5.69368e-009
5 54 5.50947e-009
5 55 1.53879e-009
5 56 -2.16868e-010
5 57 3.34517e-010
5 58 -3.34517e-010
5 59 -4.54196e-011
5 60 -2.47317e-011
5 61 -2.03746e-009
5 62 -8.72195e-010
5 63 1.42e-009
5 64 8.96031e-009
5 65 3.88227e-009
5 66 2.1328e-010
6 0 0
6 1 -0.408248
6 2 0.408248
6 3 0
6 4 6.86308e-010
6 5 -0.5
6 6 0.5
6 7 7.07728e-010
6 8 -0.129099
6 9 -0.129099
6 10 1.12263e-009
6 11 4.13785e-010
6 12 3.264e-010
6 13 -3.264e-010
6 14 2.35219e-010
6 15 2.43521e-009
6 16 1.41011e-010
6 17 2.77101e-010
6 18 2.77101e-010
6 19 -6.78832e-010
6 20 2.7627e-009
6 21 2.45066e-009
6 22 -5.55068e-011
6 23 -2.99737e-010
6 24 2.99737e-010
6 25 -1.38248e-010
6 26 -4.04048e-010
6 27 4.15992e-009
6 28 6.35259e-010
6 29 -1.6242e-010
6 30 -2.47679e-010
6 31 -2.47679e-010
6 32 5.10507e-010
6 33 -2.27129e-009
6 34 1.22015e-009
6 35 3.07769e-010
6 36 -1.51251e-009
6 37 -2.57441e-010
6 38 3.12716e-010
6 39 -3.12716e-010
6 40 3.35657e-011
6 41 3.33761e-011
6 42 -2.69926e-009
6 43 -1.8081e-009
6 44 -4.82306e-009
6 45 -1.73529e-009
6 46 -1.80579e-011
6 47 2.08569e-010
6 48 2.08569e-010
6 49 -4.01509e-010
6 50 1.88824e-009
6 51 -1.54878e-009
6 52 -2.60214e-009
6 53 -5.69368e-009
6 54 -5.50947e-009
6 55 -1.53879e-009
6 56 2.16868e-010
6 57 -3.34517e-010
6 58 3.34517e-010
6 59 4.54196e-011
6 60 2.47317e-011
6 61 2.03746e-009
6 62 8.72195e-010
6 63 -1.42e-009
6 64 -8.96031e-009
6 65 -3.88227e-009
6 66 -2.1328e-010
7 0 0
7 1 -5.93608e-010
7 2 5.93608e-010
7 3 0
7 4 4.34633e-010
7 5 -7.07728e-010
7 6 7.07728e-010
7 7 0.333333
7 8 2.79948e-011
7 9 2.79948e-011
7 10 1.28564e-009
7 11 6.54065e-010
7 12 2.73718e-010
7 13 -2.73718e-010
7 14 5.11071e-010
7 15 0.338062
7 16 -6.73833e-011
7 17 -2.96817e-011
7 18 -2.96817e-011
7 19 -1.054e-009
7 20 -0.0694713
7 21 4.56387e-010
7 22 -9.91343e-010
7 23 -1.75075e-010
7 24 1.75075e-010
7 25 -6.53177e-011
7 26 -1.61055e-010
7 27 -9.25663e-010
7 28 -4.8777e-010
7 29 -2.60895e-011
7 30 3.2025e-011
7 31 3.2025e-011
7 32 6.26018e-010
7 33 -5.66163e-010
7 34 2.32707e-010
7 35 -1.19371e-009
7 36 -2.25854e-009
7 37 1.02313e-009
7 38 1.30875e-010
7 39 -1.30875e-010
7 40 2.34031e-012
7 41 7.79663e-011
7 42 2.19235e-010
7 43 -1.25878e-009
7 44 -1.0952e-009
7 45 -2.78606e-010
7 46 5.28075e-012
7 47 -3.50237e-011
7 48 -3.50237e-011
7 49 -4.33895e-010
7 50 4.62159e-010
7 51 -1.4971e-010
7 52 -5.16011e-011
7 53 -2.4469e-009
7 54 -8.83839e-010
7 55 2.60663e-009
7 56 -1.06213e-009
7 57 -1.05476e-010
7 58 1.05476e-010
7 59 -2.92908e-011
7 60 -6.69732e-011
7 61 2.37077e-010
7 62 1.08239e-009
7 63 -1.18836e-009
7 64 -1.4356e-009
7 65 -6.98628e-010
7 66 8.92502e-011
8 0 0
8 1 2.96804e-010
8 2 -2.96804e-010
8 3 0
8 4 1.37599e-010
8 5 0.129099
8 6 -0.129099
8 7 2.79948e-011
8 8 0.166667
8 9 0.166667
8 10 1.50232e-010
8 11 -6.23744e-011
8 12 0.0563436
8 13 -0.0563436
8 14 -1.22038e-015
8 15 1.0765e-010
8 16 6.88576e-011
8 17 7.40783e-011
8 18 7.40783e-011
8 19 -5.48188e-011
8 20 1.49971e-010
8 21 1.78898e-010
8 22 1.36789e-010
8 23 4.33579e-011
8 24 -4.33579e-011
8 25 -3.06136e-011
8 26 1.37695e-011
8 27 5.76499e-010
8 28 4.20008e-010
8 29 -1.75001e-011
8 30 -6.94892e-011
8 31 -6.94892e-011
8 32 6.29268e-011
8 33 -1.24738e-010
8 34 8.81919e-011
8 35 7.74147e-010
8 36 6.55513e-011
8 37 -1.91495e-010
8 38 -1.43688e-011
8 39 1.43688e-011
8 40 9.19301e-012
8 41 -3.96783e-011
8 42 -3.12878e-010
8 43 3.82356e-010
8 44 -6.94317e-010
8 45 -1.87066e-010
8 46 -6.82252e-012
8 47 6.33219e-011
8 48 6.33219e-011
8 49 -5.71059e-011
8 50 1.08783e-010
8 51 -1.35319e-010
8 52 -4.9877e-010
8 53 -6.48943e-010
8 54 -5.94348e-010
8 55 -5.87423e-010
8 56 1.94737e-010
8 57 -5.20191e-012
8 58 5.20191e-012
8 59 1.66671e-011
8 60 4.49529e-011
8 61 1.71576e-010
8 62 -4.67666e-010
8 63 -7.63313e-011
8 64 -9.67702e-010
8 65 -3.268e-010
8 66 -9.66069e-011
9 0 0
9 1 2.96804e-010
9 2 -2.96804e-010
9 3 0
9 4 1.37599e-010
9 5 0.129099
9 6 -0.129099
9 7 2.79948e-011
9 8 0.166667
9 9 0.166667
9 10 1.50232e-010
9 11 -6.23744e-011
9 12 0.0563436
9 13 -0.0563436
9 14 -1.22038e-015
9 15 1.0765e-010
9 16 6.88576e-011
9 17 7.40783e-011
9 18 7.40783e-011
9 19 -5.48188e-011
9 20 1.49971e-010
9 21 1.78898e-010
9 22 1.36789e-010
9 23 4.33579e-011
9 24 -4.33579e-011
9 25 -3.06136e-011
9 26 1.37695e-011
9 27 5.76499e-010
9 28 4.20008e-010
9 29 -1.75001e-011
9 30 -6.94892e-011
9 31 -6.94892e-011
9 32 6.29268e-011
9 33 -1.24738e-010
9 34 8.81919e-011
9 35 7.74147e-010
9 36 6.55513e-011
9 37 -1.91495e-010
9 38 -1.43688e-011
9 39 1.43688e-011
9 40 9.19301e-012
9 41 -3.96783e-011
9 42 -3.12878e-010
9 43 3.82356e-010
9 44 -6.94317e-010
9 45 -1.87066e-010
9 46 -6.82252e-012
9 47 6.33219e-011
9 48 6.33219e-011
9 49 -5.71059e-011
9 50 1.08783e-010
9 51 -1.35319e-010
9 52 -4.9877e-010
9 53 -6.48943e-010
9 54 -5.94348e-010
9 55 -5.87423e-010
9 56 1.94737e-010
9 57 -5.20191e-012
9 58 5.20191e-012
9 59 1.66671e-011
9 60 4.49529e-011
9 61 1.71576e-010
9 62 -4.67666e-010
9 63 -7.63313e-011
9 64 -9.67702e-010
9 65 -3.268e-010
9 66 -9.66069e-011
10 0 0
10 1 -1.08515e-009
10 2 1.08515e-009
10 3 0
10 4 0.387298
10 5 -1.12263e-009
10 6 1.12263e-009
10 7 1.28564e-009
10 8 1.50232e-010
10 9 1.50232e-010
10 10 0.5
10 11 6.4312e-010
10 12 3.84272e-010
10 13 -3.84272e-010
10 14 0.062137
10 15 4.48502e-009
10 16 1.04005e-011
10 17 -1.12921e-010
10 18 -1.12921e-010
10 19 -0.081325
10 20 4.54307e-009
10 21 2.81281e-009
10 22 -1.91004e-010
10 23 -2.39839e-010
10 24 2.39839e-010
10 25 -1.80086e-009
10 26 -1.65452e-009
10 27 3.55357e-009
10 28 -4.94594e-010
10 29 -3.74983e-010
10 30 1.21308e-010
10 31 1.21308e-010
10 32 1.16747e-009
10 33 -3.59481e-009
10 34 -3.95046e-010
10 35 -1.44851e-009
10 36 -1.86742e-009
10 37 -1.27574e-010
10 38 1.57439e-010
10 39 -1.57439e-010
10 40 1.64795e-009
10 41 1.15516e-009
10 42 -3.2477e-009
10 43 -1.04728e-009
10 44 -5.898e-009
10 45 -3.227e-009
10 46 9.55311e-011
10 47 -1.24876e-010
10 48 -1.24876e-010
10 49 -1.08583e-009
10 50 2.83415e-009
10 51 2.99339e-010
10 52 3.91688e-010
10 53 -9.36111e-009
10 54 -9.48818e-009
10 55 -1.54577e-009
10 56 3.31528e-011
10 57 -9.41798e-011
10 58 9.41798e-011
10 59 -1.50956e-009
10 60 -1.04926e-009
10 61 3.11483e-009
10 62 9.66794e-010
10 63 -5.88541e-009
10 64 -1.53008e-008
10 65 -5.16207e-009
10 66 5.59015e-010
11 0 0
11 1 5.59195e-011
11 2 -5.59195e-011
11 3 0
11 4 3.99131e-010
11 5 -4.13785e-010
11 6 4.13785e-010
11 7 6.54065e-010
11 8 -6.23744e-011
11 9 -6.23744e-011
11 10 6.4312e-010
11 11 0.25
11 12 3.00162e-010
11 13 -3.00162e-010
11 14 3.4564e-011
11 15 3.05472e-010
11 16 -6.62949e-010
11 17 -1.31857e-010
11 18 -1.31857e-010
11 19 -4.34482e-010
11 20 -6.35604e-010
11 21 0.294628
11 22 -2.24758e-011
11 23 -8.22743e-011
11 24 8.22743e-011
11 25 7.20406e-011
11 26 4.24101e-010
11 27 -0.0445435
11 28 -1.29563e-009
11 29 5.07632e-010
11 30 6.49541e-011
11 31 6.49541e-011
11 32 3.07848e-010
11 33 -3.81957e-011
11 34 -1.74392e-010
11 35 -6.08698e-010
11 36 -1.68575e-010
11 37 2.28045e-011
11 38 4.22616e-011
11 39 -4.22616e-011
11 40 -1.36024e-010
11 41 -1.17737e-010
11 42 7.63258e-010
11 43 -1.10785e-009
11 44 -3.53985e-010
11 45 1.27848e-009
11 46 -3.93746e-010
11 47 -1.61972e-011
11 48 -1.61972e-011
11 49 -2.19221e-010
11 50 1.52985e-010
11 51 2.36766e-010
11 52 1.37514e-010
11 53 -2.21858e-010
11 54 4.18463e-010
11 55 2.83842e-010
11 56 -2.34174e-013
11 57 -8.37685e-011
11 58 8.37685e-011
11 59 1.73542e-010
11 60 -2.53353e-010
11 61 -6.51635e-010
11 62 1.281e-009
11 63 2.6986e-010
11 64 1.24312e-009
11 65 9.87087e-010
11 66 -1.10599e-009
12 0 0
12 1 -1.90083e-010
12 2 1.90083e-010
12 3 0
12 4 1.73317e-010
12 5 -3.264e-010
12 6 3.264e-010
12 7 2.73718e-010
12 8 0.0563436
12 9 0.0563436
12 10 3.84272e-010
12 11 3.00162e-010
12 12 0.0833333
12 13 -0.0833333
12 14 1.22894e-010
12 15 9.38824e-010
12 16 3.77414e-011
12 17 0.031497
12 18 0.031497
12 19 -2.80861e-010
12 20 1.05769e-009
12 21 1.03952e-009
12 22 -2.13161e-010
12 23 -1.3058e-010
12 24 1.3058e-010
12 25 -3.10143e-011
12 26 -1.64164e-010
12 27 1.39725e-009
12 28 1.40882e-010
12 29 -5.98771e-011
12 30 -7.9946e-011
12 31 -7.9946e-011
12 32 1.82e-010
12 33 -8.69172e-010
12 34 5.18746e-010
12 35 -8.32083e-011
12 36 -8.78478e-010
12 37 1.23309e-010
12 38 1.28045e-010
12 39 -1.28045e-010
12 40 5.1594e-012
12 41 2.37915e-011
12 42 -9.89026e-010
12 43 -8.19756e-010
12 44 -1.58509e-009
12 45 -6.39701e-010
12 46 -5.36256e-012
12 47 6.60518e-011
12 48 6.60518e-011
12 49 -1.32891e-010
12 50 7.21241e-010
12 51 -6.26996e-010
12 52 -9.01326e-010
12 53 -2.10105e-009
12 54 -2.03091e-009
12 55 -1.31057e-011
12 56 -1.48872e-010
12 57 -1.31504e-010
12 58 1.31504e-010
12 59 1.29055e-012
12 60 -2.1062e-012
12 61 8.33497e-010
12 62 4.70611e-010
12 63 -6.39131e-010
12 64 -3.30267e-009
12 65 -1.58836e-009
12 66 -5.90838e-011
13 0 0
13 1 1.90083e-010
13 2 -1.90083e-010
13 3 0
13 4 -1.73317e-010
13 5 3.264e-010
13 6 -3.264e-010
13 7 -2.73718e-010
13 8 -0.0563436
13 9 -0.0563436
13 10 -3.84272e-010
13 11 -3.00162e-010
13 12 -0.0833333
13 13 0.0833333
13 14 -1.22894e-010
13 15 -9.38824e-010
13 16 -3.77414e-011
13 17 -0.031497
13 18 -0.031497
13 19 2.80861e-010
13 20 -1.05769e-009
13 21 -1.03952e-009
13 22 2.13161e-010
13 23 1.3058e-010
13 24 -1.3058e-010
13 25 3.10143e-011
13 26 1.64164e-010
13 27 -1.39725e-009
13 28 -1.40882e-010
13 29 5.98771e-011
13 30 7.9946e-011
13 31 7.9946e-011
13 32 -1.82e-010
13 33 8.69172e-010
13 34 -5.18746e-010
13 35 8.32083e-011
13 36 8.78478e-010
13 37 -1.23309e-010
13 38 -1.28045e-010
13 39 1.28045e-010
13 40 -5.1594e-012
13 41 -2.37915e-011
13 42 9.89026e-010
13 43 8.19756e-010
13 44 1.58509e-009
13 45 6.39701e-010
13 46 5.36256e-012
13 47 -6.60518e-011
13 48 -6.60518e-011
13 49 1.32891e-010
13 50 -7.21241e-010
13 51 6.26996e-010
13 52 9.01326e-010
13 53 2.10105e-009
13 54 2.03091e-009
13 55 1.31057e-011
13 56 1.48872e-010
13 57 1.31504e-010
13 58 -1.31504e-010
13 59 -1.29055e-012
13 60 2.1062e-012
13 61 -8.33497e-010
13 62 -4.70611e-010
13 63 6.39131e-010
13 64 3.30267e-009
13 65 1.58836e-009
13 66 5.90838e-011
14 0 0
14 1 -1.05489e-010
14 2 1.05489e-010
14 3 0
14 4 -0.112306
14 5 -2.35219e-010
14 6 2.35219e-010
14 7 5.11071e-010
14 8 -1.22038e-015
14 9 -1.22038e-015
14 10 0.062137
14 11 3.4564e-011
14 12 1.22894e-010
14 13 -1.22894e-010
14 14 0.297297
14 15 1.20475e-009
14 16 -1.66548e-010
14 17 -4.77833e-011
14 18 -4.77833e-011
14 19 0.023582
14 20 9.43886e-010
14 21 9.68656e-011
14 22 -1.01232e-010
14 23 -4.86144e-011
14 24 4.86144e-011
14 25 -0.0698212
14 26 -2.874e-010
14 27 -6.32124e-011
14 28 -3.38413e-010
14 29 5.03542e-011
14 30 3.08284e-011
14 31 3.08284e-011
14 32 8.49615e-010
14 33 -9.05176e-010
14 34 -3.82578e-010
14 35 -1.89507e-010
14 36 -9.20461e-010
14 37 -1.64088e-011
14 38 2.8772e-011
14 39 -2.8772e-011
14 40 4.2664e-010
14 41 2.52836e-010
14 42 -1.70243e-010
14 43 -3.05032e-010
14 44 -2.66555e-009
14 45 -4.80452e-010
14 46 -9.33983e-011
14 47 -1.81899e-011
14 48 -1.81899e-011
14 49 -6.9934e-010
14 50 7.49586e-010
14 51 4.31568e-010
14 52 4.44298e-011
14 53 -3.77028e-009
14 54 -2.40052e-009
14 55 -1.88591e-010
14 56 1.19662e-011
14 57 -3.28473e-011
14 58 3.28473e-011
14 59 -3.2454e-010
14 60 -3.3506e-010
14 61 2.7216e-010
14 62 3.46581e-010
14 63 -1.81609e-009
14 64 -3.70305e-009
14 65 -5.76736e-010
14 66 -2.14444e-010
15 0 0
15 1 -2.05119e-009
15 2 2.05119e-009
15 3 0
15 4 2.35662e-009
15 5 -2.43521e-009
15 6 2.43521e-009
15 7 0.338062
15 8 1.0765e-010
15 9 1.0765e-010
15 10 4.48502e-009
15 11 3.05472e-010
15 12 9.38824e-010
15 13 -9.38824e-010
15 14 1.20475e-009
15 15 0.6
15 16 -2.38957e-010
15 17 -1.12881e-010
15 18 -1.12881e-010
15 19 -3.0153e-009
15 20 0.164399
15 21 -2.45923e-010
15 22 -8.55832e-010
15 23 -5.97269e-010
15 24 5.97269e-010
15 25 -4.50331e-010
15 26 -0.0894427
15 27 -1.44e-009
15 28 -1.71613e-009
15 29 -8.48388e-011
15 30 1.19977e-010
15 31 1.19977e-010
15 32 2.0849e-009
15 33 -1.88531e-009
15 34 -1.19147e-010
15 35 -4.1557e-009
15 36 -3.35171e-009
15 37 6.56067e-010
15 38 4.43336e-010
15 39 -4.43336e-010
15 40 9.45133e-011
15 41 2.69532e-010
15 42 7.05014e-010
15 43 -4.30662e-009
15 44 -5.76171e-009
15 45 -9.05849e-010
15 46 1.89734e-011
15 47 -1.29002e-010
15 48 -1.29002e-010
15 49 -1.57565e-009
15 50 1.53777e-009
15 51 2.38843e-010
15 52 -8.69251e-011
15 53 -7.73268e-009
15 54 -2.87355e-009
15 55 1.71608e-009
15 56 -6.51893e-010
15 57 -3.54373e-010
15 58 3.54373e-010
15 59 9.23006e-011
15 60 -2.33422e-010
15 61 -2.9007e-010
15 62 3.72733e-009
15 63 -2.39487e-009
15 64 -4.66705e-009
15 65 -2.429e-010
15 66 3.17474e-010
16 0 0
16 1 -1.66574e-010
16 2 1.66574e-010
16 3 0
16 4 2.51619e-010
16 5 -1.41011e-010
16 6 1.41011e-010
16 7 -6.73833e-011
16 8 6.88576e-011
16 9 6.88576e-011
16 10 1.04005e-011
16 11 -6.62949e-010
16 12 3.77414e-011
16 13 -3.77414e-011
16 14 -1.66548e-010
16 15 -2.38957e-010
16 16 0.2
16 17 -6.59998e-011
16 18 -6.59998e-011
16 19 1.86801e-010
16 20 -2.88566e-010
16 21 -9.48307e-010
16 22 7.81342e-010
16 23 -6.11877e-012
16 24 6.11877e-012
16 25 -6.62064e-011
16 26 1.97907e-011
16 27 -1.2794e-010
16 28 0.26348
16 29 2.24135e-011
16 30 6.10478e-011
16 31 6.10478e-011
16 32 -2.41594e-011
16 33 2.38147e-010
16 34 -4.76923e-010
16 35 -0.031137
16 36 1.49765e-009
16 37 -8.38629e-010
16 38 -1.29888e-011
16 39 1.29888e-011
16 40 2.55113e-011
16 41 2.25566e-011
16 42 4.1539e-010
16 43 -1.12735e-010
16 44 -1.0716e-010
16 45 2.39538e-010
16 46 5.55379e-012
16 47 -5.44224e-011
16 48 -5.44224e-011
16 49 -2.18109e-011
16 50 -2.01172e-010
16 51 4.7843e-010
16 52 4.96195e-010
16 53 7.96212e-010
16 54 7.60806e-010
16 55 -1.98823e-009
16 56 8.88384e-010
16 57 2.68092e-011
16 58 -2.68092e-011
16 59 5.71794e-011
16 60 -2.9955e-011
16 61 -6.64356e-010
16 62 2.32158e-010
16 63 6.60808e-010
16 64 1.23802e-009
16 65 1.25448e-009
16 66 7.56363e-011
17 0 0
17 1 -2.80597e-010
17 2 2.80597e-010
17 3 0
17 4 -3.39674e-011
17 5 -2.77101e-010
17 6 2.77101e-010
17 7 -2.96817e-011
17 8 7.40783e-011
17 9 7.40783e-011
17 10 -1.12921e-010
17 11 -1.31857e-010
17 12 0.031497
17 13 -0.031497
17 14 -4.77833e-011
17 15 -1.12881e-010
17 16 -6.59998e-011
17 17 0.05
17 18 0.05
17 19 9.58875e-011
17 20 -1.54499e-010
17 21 -3.60728e-010
17 22 1.16104e-010
17 23 0.0201008
17 24 -0.0201008
17 25 4.62296e-012
17 26 -1.13054e-011
17 27 -4.03246e-010
17 28 -4.01589e-010
17 29 1.73279e-011
17 30 6.70685e-011
17 31 6.70685e-011
17 32 -5.54805e-011
17 33 1.28389e-010
17 34 -1.80275e-010
17 35 -7.36418e-010
17 36 3.57485e-010
17 37 -9.44551e-011
17 38 1.22776e-011
17 39 -1.22776e-011
17 40 2.26568e-013
17 41 3.75301e-011
17 42 3.08553e-010
17 43 -3.55138e-010
17 44 4.47667e-010
17 45 1.85222e-010
17 46 6.55696e-012
17 47 -6.10351e-011
17 48 -6.10351e-011
17 49 3.77996e-011
17 50 -1.1156e-010
17 51 2.10918e-010
17 52 4.84991e-010
17 53 6.59297e-010
17 54 5.88474e-010
17 55 -1.3758e-010
17 56 1.05182e-010
17 57 6.4077e-012
17 58 -6.4077e-012
17 59 3.54633e-012
17 60 -4.27924e-011
17 61 -2.82402e-010
17 62 4.40244e-010
17 63 2.29963e-010
17 64 9.58095e-010
17 65 5.38201e-010
17 66 9.26625e-011
18 0 0
18 1 -2.80597e-010
18 2 2.80597e-010
18 3 0
18 4 -3.39674e-011
18 5 -2.77101e-010
18 6 2.77101e-010
18 7 -2.96817e-011
18 8 7.40783e-011
18 9 7.40783e-011
18 10 -1.12921e-010
18 11 -1.31857e-010
18 12 0.031497
18 13 -0.031497
18 14 -4.77833e-011
18 15 -1.12881e-010
18 16 -6.59998e-011
18 17 0.05
18 18 0.05
18 19 9.58875e-011
18 20 -1.54499e-010
18 21 -3.60728e-010
18 22 1.16104e-010
18 23 0.0201008
18 24 -0.0201008
18 25 4.62296e-012
18 26 -1.13054e-011
18 27 -4.03246e-010
18 28 -4.01589e-010
18 29 1.73279e-011
18 30 6.70685e-011
18 31 6.70685e-011
18 32 -5.54805e-011
18 33 1.28389e-010
18 34 -1.80275e-010
18 35 -7.36418e-010
18 36 3.57485e-010
18 37 -9.44551e-011
18 38 1.22776e-011
18 39 -1.22776e-011
18 40 2.26568e-013
18 41 3.75301e-011
18 42 3.08553e-010
18 43 -3.55138e-010
18 44 4.47667e-010
18 45 1.85222e-010
18 46 6.55696e-012
18 47 -6.10351e-011
18 48 -6.10351e-011
18 49 3.77996e-011
18 50 -1.1156e-010
18 51 2.10918e-010
18 52 4.84991e-010
18 53 6.59297e-010
18 54 5.88474e-010
18 55 -1.3758e-010
18 56 1.05182e-010
18 57 6.4077e-012
18 58 -6.4077e-012
18 59 3.54633e-012
18 60 -4.27924e-011
18 61 -2.82402e-010
18 62 4.40244e-010
18 63 2.29963e-010
18 64 9.58095e-010
18 65 5.38201e-010
18 66 9.26625e-011
19 0 0
19 1 5.16692e-010
19 2 -5.16692e-010
19 3 0
19 4 -6.55389e-010
19 5 6.78832e-010
19 6 -6.78832e-010
19 7 -1.054e-009
19 8 -5.48188e-011
19 9 -5.48188e-011
19 10 -0.081325
19 11 -4.34482e-010
19 12 -2.80861e-010
19 13 2.80861e-010
19 14 0.023582
19 15 -3.0153e-009
19 16 1.86801e-010
19 17 9.58875e-011
19 18 9.58875e-011
19 19 0.185185
19 20 -2.73795e-009
19 21 -1.91086e-009
19 22 1.11326e-010
19 23 1.43151e-010
19 24 -1.43151e-010
19 25 0.00996897
19 26 9.32635e-010
19 27 -2.45021e-009
19 28 5.67756e-010
19 29 7.92065e-011
19 30 -7.95454e-011
19 31 -7.95454e-011
19 32 -0.0525673
19 33 2.34763e-009
19 34 1.96528e-010
19 35 7.45432e-010
19 36 1.10192e-009
19 37 8.43267e-011
19 38 -9.03759e-011
19 39 9.03759e-011
19 40 -1.0475e-009
19 41 -7.10861e-010
19 42 2.19493e-009
19 43 7.3123e-010
19 44 3.5273e-009
19 45 1.72736e-009
19 46 7.20251e-011
19 47 6.63838e-011
19 48 6.63838e-011
19 49 6.08766e-010
19 50 -1.892e-009
19 51 -1.21336e-010
19 52 -1.93773e-010
19 53 5.68806e-009
19 54 6.20938e-009
19 55 1.02375e-009
19 56 -2.04132e-011
19 57 7.19566e-011
19 58 -7.19566e-011
19 59 9.72442e-010
19 60 7.66319e-010
19 61 -2.08393e-009
19 62 -7.49409e-010
19 63 3.68406e-009
19 64 9.82101e-009
19 65 3.42912e-009
19 66 4.14237e-011
20 0 0
20 1 -2.34829e-009
20 2 2.34829e-009
20 3 0
20 4 2.78899e-009
20 5 -2.7627e-009
20 6 2.7627e-009
20 7 -0.0694713
20 8 1.49971e-010
20 9 1.49971e-010
20 10 4.54307e-009
20 11 -6.35604e-010
20 12 1.05769e-009
20 13 -1.05769e-009
20 14 9.43886e-010
20 15 0.164399
20 16 -2.88566e-010
20 17 -1.54499e-010
20 18 -1.54499e-010
20 19 -2.73795e-009
20 20 0.486486
20 21 -1.12804e-009
20 22 3.77588e-010
20 23 -6.64933e-010
20 24 6.64933e-010
20 25 -5.62541e-010
20 26 0.100257
20 27 -6.03056e-010
20 28 -2.03983e-009
20 29 -8.40949e-011
20 30 1.60166e-010
20 31 1.60166e-010
20 32 2.06455e-009
20 33 -0.100749
20 34 -5.65865e-010
20 35 -4.83325e-009
20 36 -1.23019e-009
20 37 -7.28495e-010
20 38 4.85766e-010
20 39 -4.85766e-010
20 40 1.37028e-010
20 41 3.08866e-010
20 42 6.85544e-010
20 43 -4.82501e-009
20 44 -6.7645e-009
20 45 -8.97828e-010
20 46 2.3509e-011
20 47 -1.67227e-010
20 48 -1.67227e-010
20 49 -1.62569e-009
20 50 1.61553e-009
20 51 6.05891e-010
20 52 1.24257e-010
20 53 -7.44857e-009
20 54 -2.84771e-009
20 55 -1.78945e-009
20 56 7.99768e-010
20 57 -3.80985e-010
20 58 3.80985e-010
20 59 1.86495e-010
20 60 -2.72124e-010
20 61 -8.28023e-010
20 62 4.23583e-009
20 63 -1.58866e-009
20 64 -4.62405e-009
20 65 8.03248e-010
20 66 3.85651e-010
21 0 0
21 1 -1.79174e-009
21 2 1.79174e-009
21 3 0
21 4 1.76126e-009
21 5 -2.45066e-009
21 6 2.45066e-009
21 7 4.56387e-010
21 8 1.78898e-010
21 9 1.78898e-010
21 10 2.81281e-009
21 11 0.294628
21 12 1.03952e-009
21 13 -1.03952e-009
21 14 9.68656e-011
21 15 -2.45923e-010
21 16 -9.48307e-010
21 17 -3.60728e-010
21 18 -3.60728e-010
21 19 -1.91086e-009
21 20 -1.12804e-009
21 21 0.625
21 22 -9.54367e-011
21 23 -5.15802e-010
21 24 5.15802e-010
21 25 3.803e-010
21 26 5.89969e-010
21 27 0.214753
21 28 -3.32635e-009
21 29 5.81645e-010
21 30 2.90434e-010
21 31 2.90434e-010
21 32 1.35191e-009
21 33 3.89304e-010
21 34 -0.0766041
21 35 -5.04177e-009
21 36 -7.02413e-010
21 37 1.06735e-010
21 38 3.23722e-010
21 39 -3.23722e-010
21 40 -6.64057e-010
21 41 -2.46018e-010
21 42 3.54119e-009
21 43 -4.63037e-009
21 44 -1.41407e-009
21 45 2.26226e-009
21 46 -3.51276e-010
21 47 -2.34838e-010
21 48 -2.34838e-010
21 49 -9.54858e-010
21 50 -1.92649e-010
21 51 1.0582e-009
21 52 1.32338e-009
21 53 -7.11627e-010
21 54 3.68599e-009
21 55 1.32733e-009
21 56 -2.09388e-012
21 57 -2.67688e-010
21 58 2.67688e-010
21 59 8.28936e-010
21 60 -1.11634e-010
21 61 -3.03381e-009
21 62 4.65559e-009
21 63 1.39809e-009
21 64 6.44859e-009
21 65 4.60932e-009
21 66 -6.96144e-010
22 0 0
22 1 -5.04718e-010
22 2 5.04718e-010
22 3 0
22 4 -9.24723e-011
22 5 5.55068e-011
22 6 -5.55068e-011
22 7 -9.91343e-010
22 8 1.36789e-010
22 9 1.36789e-010
22 10 -1.91004e-010
22 11 -2.24758e-011
22 12 -2.13161e-010
22 13 2.13161e-010
22 14 -1.01232e-010
22 15 -8.55832e-010
22 16 7.81342e-010
22 17 1.16104e-010
22 18 1.16104e-010
22 19 1.11326e-010
22 20 3.77588e-010
22 21 -9.54367e-011
22 22 0.166667
22 23 4.35453e-012
22 24 -4.35453e-012
22 25 8.78677e-011
22 26 -3.91174e-010
22 27 -1.10785e-010
22 28 1.15842e-009
22 29 -6.12691e-010
22 30 -3.07897e-011
22 31 -3.07897e-011
22 32 -8.22628e-011
22 33 4.13834e-010
22 34 3.28463e-011
22 35 -3.26316e-010
22 36 0.240192
22 37 4.95995e-012
22 38 1.15281e-011
22 39 -1.15281e-011
22 40 -7.54045e-011
22 41 3.82288e-011
22 42 1.13267e-010
22 43 5.43579e-010
22 44 -0.0231905
22 45 -1.16754e-009
22 46 5.16051e-010
22 47 -3.03617e-011
22 48 -3.03617e-011
22 49 7.17226e-011
22 50 -4.88076e-010
22 51 -3.2355e-011
22 52 1.19853e-010
22 53 4.99301e-010
22 54 1.00508e-009
22 55 5.95711e-011
22 56 -1.69594e-012
22 57 6.47392e-011
22 58 -6.47392e-011
22 59 6.55803e-011
22 60 4.39747e-010
22 61 -1.14375e-010
22 62 -8.03324e-010
22 63 2.84706e-010
22 64 8.65825e-010
22 65 1.96166e-010
22 66 1.50924e-009
23 0 0
23 1 2.09262e-010
23 2 -2.09262e-010
23 3 0
23 4 -1.49004e-010
23 5 2.99737e-010
23 6 -2.99737e-010
23 7 -1.75075e-010
23 8 4.33579e-011
23 9 4.33579e-011
23 10 -2.39839e-010
23 11 -8.22743e-011
23 12 -1.3058e-010
23 13 1.3058e-010
23 14 -4.86144e-011
23 15 -5.97269e-010
23 16 -6.11877e-012
23 17 0.0201008
23 18 0.0201008
23 19 1.43151e-010
23 20 -6.64933e-010
23 21 -5.15802e-010
23 22 4.35453e-012
23 23 0.0333333
23 24 -0.0333333
23 25 3.01654e-011
23 26 1.13478e-010
23 27 -8.89756e-010
23 28 2.23447e-011
23 29 3.51446e-011
23 30 0.0139374
23 31 0.0139374
23 32 -1.08784e-010
23 33 5.46005e-010
23 34 -2.56765e-010
23 35 2.70221e-010
23 36 3.09189e-010
23 37 6.3171e-011
23 38 -8.95133e-011
23 39 8.95133e-011
23 40 -7.41568e-012
23 41 -2.6894e-011
23 42 5.74154e-010
23 43 6.53593e-010
23 44 1.03294e-009
23 45 3.75442e-010
23 46 1.69049e-012
23 47 -2.65627e-011
23 48 -2.65627e-011
23 49 8.5954e-011
23 50 -4.51616e-010
23 51 3.27138e-010
23 52 4.6378e-010
23 53 1.21052e-009
23 54 1.19182e-009
23 55 3.48598e-010
23 56 -5.49541e-011
23 57 8.64021e-011
23 58 -8.64021e-011
23 59 -1.02544e-011
23 60 1.38697e-011
23 61 -4.30023e-010
23 62 -4.44024e-010
23 63 2.97454e-010
23 64 1.93782e-009
23 65 8.1938e-010
23 66 1.26824e-011
24 0 0
24 1 -2.09262e-010
24 2 2.09262e-010
24 3 0
24 4 1.49004e-010
24 5 -2.99737e-010
24 6 2.99737e-010
24 7 1.75075e-010
24 8 -4.33579e-011
24 9 -4.33579e-011
24 10 2.39839e-010
24 11 8.22743e-011
24 12 1.3058e-010
24 13 -1.3058e-010
24 14 4.86144e-011
24 15 5.97269e-010
24 16 6.11877e-012
24 17 -0.0201008
24 18 -0.0201008
24 19 -1.43151e-010
24 20 6.64933e-010
24 21 5.15802e-010
24 22 -4.35453e-012
24 23 -0.0333333
24 24 0.0333333
24 25 -3.01654e-011
24 26 -1.13478e-010
24 27 8.89756e-010
24 28 -2.23447e-011
24 29 -3.51446e-011
24 30 -0.0139374
24 31 -0.0139374
24 32 1.08784e-010
24 33 -5.46005e-010
24 34 2.56765e-010
24 35 -2.70221e-010
24 36 -3.09189e-010
24 37 -6.3171e-011
24 38 8.95133e-011
24 39 -8.95133e-011
24 40 7.41568e-012
24 41 2.6894e-011
24 42 -5.74154e-010
24 43 -6.53593e-010
24 44 -1.03294e-009
24 45 -3.75442e-010
24 46 -1.69049e-012
24 47 2.65627e-011
24 48 2.65627e-011
24 49 -8.5954e-011
24 50 4.51616e-010
24 51 -3.27138e-010
24 52 -4.6378e-010
24 53 -1.21052e-009
24 54 -1.19182e-009
24 55 -3.48598e-010
24 56 5.49541e-011
24 57 -8.64021e-011
24 58 8.64021e-011
24 59 1.02544e-011
24 60 -1.38697e-011
24 61 4.30023e-010
24 62 4.44024e-010
24 63 -2.97454e-010
24 64 -1.93782e-009
24 65 -8.1938e-010
24 66 -1.26824e-011
25 0 0
25 1 1.8053e-010
25 2 -1.8053e-010
25 3 0
25 4 -9.82056e-010
25 5 1.38248e-010
25 6 -1.38248e-010
25 7 -6.53177e-011
25 8 -3.06136e-011
25 9 -3.06136e-011
25 10 -1.80086e-009
25 11 7.20406e-011
25 12 -3.10143e-011
25 13 3.10143e-011
25 14 -0.0698212
25 15 -4.50331e-010
25 16 -6.62064e-011
25 17 4.62296e-012
25 18 4.62296e-012
25 19 0.00996897
25 20 -5.62541e-010
25 21 3.803e-010
25 22 8.78677e-011
25 23 3.01654e-011
25 24 -3.01654e-011
25 25 0.123967
25 26 2.26553e-010
25 27 7.0336e-010
25 28 -2.94365e-011
25 29 9.57868e-011
25 30 -1.28565e-011
25 31 -1.28565e-011
25 32 0.00478894
25 33 3.84209e-010
25 34 3.89771e-010
25 35 2.22242e-010
25 36 7.7586e-010
25 37 -2.81654e-012
25 38 -2.101e-011
25 39 2.101e-011
25 40 -0.039522
25 41 -1.38097e-010
25 42 -3.68955e-010
25 43 9.60294e-011
25 44 2.16024e-009
25 45 4.72693e-010
25 46 -5.5406e-011
25 47 1.84468e-011
25 48 1.84468e-011
25 49 6.48268e-010
25 50 -2.89078e-010
25 51 -4.65515e-010
25 52 -6.27184e-011
25 53 2.87569e-009
25 54 1.0097e-009
25 55 -4.64063e-011
25 56 -8.52105e-012
25 57 6.55166e-012
25 58 -6.55166e-012
25 59 1.23275e-010
25 60 8.48798e-011
25 61 2.23068e-010
25 62 -6.36416e-011
25 63 1.14217e-009
25 64 1.69293e-009
25 65 -2.18715e-010
25 66 -1.96429e-010
26 0 0
26 1 3.16189e-010
26 2 -3.16189e-010
26 3 0
26 4 -1.09762e-009
26 5 4.04048e-010
26 6 -4.04048e-010
26 7 -1.61055e-010
26 8 1.37695e-011
26 9 1.37695e-011
26 10 -1.65452e-009
26 11 4.24101e-010
26 12 -1.64164e-010
26 13 1.64164e-010
26 14 -2.874e-010
26 15 -0.0894427
26 16 1.97907e-011
26 17 -1.13054e-011
26 18 -1.13054e-011
26 19 9.32635e-010
26 20 0.100257
26 21 5.89969e-010
26 22 -3.91174e-010
26 23 1.13478e-010
26 24 -1.13478e-010
26 25 2.26553e-010
26 26 0.381818
26 27 4.5233e-011
26 28 1.79188e-010
26 29 2.788e-011
26 30 7.4197e-012
26 31 7.4197e-012
26 32 -7.42234e-010
26 33 0.0602345
26 34 2.96819e-010
26 35 5.54686e-010
26 36 6.75052e-012
26 37 5.49249e-010
26 38 -9.30869e-011
26 39 9.30869e-011
26 40 -5.83198e-011
26 41 -0.096001
26 42 -2.43838e-010
26 43 7.83578e-010
26 44 2.65273e-009
26 45 2.97789e-010
26 46 -8.98177e-013
26 47 -2.31266e-012
26 48 -2.31266e-012
26 49 5.98096e-010
26 50 -4.01747e-010
26 51 -2.94842e-010
26 52 2.67609e-010
26 53 2.63436e-009
26 54 9.45122e-010
26 55 1.37074e-009
26 56 -5.88872e-010
26 57 8.27049e-011
26 58 -8.27049e-011
26 59 -8.68747e-011
26 60 3.04218e-011
26 61 4.10438e-010
26 62 -6.10196e-010
26 63 4.07925e-010
26 64 1.53621e-009
26 65 -5.06407e-010
26 66 -2.37543e-011
27 0 0
27 1 -4.09774e-009
27 2 4.09774e-009
27 3 0
27 4 2.27827e-009
27 5 -4.15992e-009
27 6 4.15992e-009
27 7 -9.25663e-010
27 8 5.76499e-010
27 9 5.76499e-010
27 10 3.55357e-009
27 11 -0.0445435
27 12 1.39725e-009
27 13 -1.39725e-009
27 14 -6.32124e-011
27 15 -1.44e-009
27 16 -1.2794e-010
27 17 -4.03246e-010
27 18 -4.03246e-010
27 19 -2.45021e-009
27 20 -6.03056e-010
27 21 0.214753
27 22 -1.10785e-010
27 23 -8.89756e-010
27 24 8.89756e-010
27 25 7.0336e-010
27 26 4.5233e-011
27 27 0.551948
27 28 -3.48341e-009
27 29 -2.19196e-010
27 30 4.46103e-010
27 31 4.46103e-010
27 32 1.72664e-009
27 33 9.67098e-010
27 34 0.155904
27 35 -9.27314e-009
27 36 -7.68218e-010
27 37 1.58785e-010
27 38 5.86044e-010
27 39 -5.86044e-010
27 40 -1.07519e-009
27 41 -1.93061e-010
27 42 -0.0956712
27 43 -6.89918e-009
27 44 -1.32797e-009
27 45 1.19824e-009
27 46 3.89257e-010
27 47 -4.67749e-010
27 48 -4.67749e-010
27 49 -1.19283e-009
27 50 -8.73703e-010
27 51 1.41432e-009
27 52 2.49964e-009
27 53 -1.48118e-011
27 54 6.85776e-009
27 55 1.97044e-009
27 56 -6.24775e-012
27 57 -3.4073e-010
27 58 3.4073e-010
27 59 1.28618e-009
27 60 5.01559e-010
27 61 -4.46093e-009
27 62 6.44426e-009
27 63 2.51064e-009
27 64 1.04916e-008
27 65 6.82149e-009
27 66 1.73116e-009
28 0 0
28 1 -8.34232e-010
28 2 8.34232e-010
28 3 0
28 4 3.8915e-011
28 5 -6.35259e-010
28 6 6.35259e-010
28 7 -4.8777e-010
28 8 4.20008e-010
28 9 4.20008e-010
28 10 -4.94594e-010
28 11 -1.29563e-009
28 12 1.40882e-010
28 13 -1.40882e-010
28 14 -3.38413e-010
28 15 -1.71613e-009
28 16 0.26348
28 17 -4.01589e-010
28 18 -4.01589e-010
28 19 5.67756e-010
28 20 -2.03983e-009
28 21 -3.32635e-009
28 22 1.15842e-009
28 23 2.23447e-011
28 24 -2.23447e-011
28 25 -2.94365e-011
28 26 1.79188e-010
28 27 -3.48341e-009
28 28 0.636364
28 29 1.48892e-010
28 30 3.6988e-010
28 31 3.6988e-010
28 32 -2.65112e-010
28 33 1.68182e-009
28 34 -1.66311e-009
28 35 0.242964
28 36 3.16217e-009
28 37 -1.02148e-009
28 38 -1.263e-010
28 39 1.263e-010
28 40 2.02784e-011
28 41 1.13803e-010
28 42 2.74546e-009
28 43 -0.0646275
28 44 3.07651e-009
28 45 1.59111e-009
28 46 3.28216e-011
28 47 -3.27499e-010
28 48 -3.27499e-010
28 49 1.51718e-010
28 50 -1.41514e-009
28 51 1.92575e-009
28 52 3.1142e-009
28 53 4.95598e-009
28 54 5.05315e-009
28 55 -1.69993e-009
28 56 1.12809e-009
28 57 2.03761e-010
28 58 -2.03761e-010
28 59 5.89693e-011
28 60 -1.63775e-010
28 61 -2.58441e-009
28 62 1.07448e-009
28 63 1.89934e-009
28 64 8.22179e-009
28 65 4.84557e-009
28 66 4.41164e-010
29 0 0
29 1 1.44683e-010
29 2 -1.44683e-010
29 3 0
29 4 -4.16643e-010
29 5 1.6242e-010
29 6 -1.6242e-010
29 7 -2.60895e-011
29 8 -1.75001e-011
29 9 -1.75001e-011
29 10 -3.74983e-010
29 11 5.07632e-010
29 12 -5.98771e-011
29 13 5.98771e-011
29 14 5.03542e-011
29 15 -8.48388e-011
29 16 2.24135e-011
29 17 1.73279e-011
29 18 1.73279e-011
29 19 7.92065e-011
29 20 -8.40949e-011
29 21 5.81645e-010
29 22 -6.12691e-010
29 23 3.51446e-011
29 24 -3.51446e-011
29 25 9.57868e-011
29 26 2.788e-011
29 27 -2.19196e-010
29 28 1.48892e-010
29 29 0.142857
29 30 -1.69173e-011
29 31 -1.69173e-011
29 32 -1.48447e-010
29 33 6.85075e-011
29 34 2.93481e-010
29 35 3.21162e-010
29 36 -9.38236e-010
29 37 7.03835e-010
29 38 -2.31982e-011
29 39 2.31982e-011
29 40 -3.04671e-011
29 41 -1.91208e-011
29 42 -1.28401e-010
29 43 2.64721e-010
29 44 8.95312e-010
29 45 0.222035
29 46 -2.00386e-012
29 47 1.63415e-011
29 48 1.63415e-011
29 49 1.47936e-010
29 50 -5.474e-011
29 51 -2.6916e-010
29 52 -7.68053e-011
29 53 3.22369e-010
29 54 -0.0180804
29 55 1.7511e-009
29 56 -7.42534e-010
29 57 1.58359e-011
29 58 -1.58359e-011
29 59 -5.85399e-011
29 60 1.82781e-011
29 61 3.82562e-010
29 62 -2.51286e-010
29 63 -2.87578e-010
29 64 6.27279e-011
29 65 -6.73912e-010
29 66 -3.06238e-011
30 0 0
30 1 2.53304e-010
30 2 -2.53304e-010
30 3 0
30 4 6.62947e-011
30 5 2.47679e-010
30 6 -2.47679e-010
30 7 3.2025e-011
30 8 -6.94892e-011
30 9 -6.94892e-011
30 10 1.21308e-010
30 11 6.49541e-011
30 12 -7.9946e-011
30 13 7.9946e-011
30 14 3.08284e-011
30 15 1.19977e-010
30 16 6.10478e-011
30 17 6.70685e-011
30 18 6.70685e-011
30 19 -7.95454e-011
30 20 1.60166e-010
30 21 2.90434e-010
30 22 -3.07897e-011
30 23 0.0139374
30 24 -0.0139374
30 25 -1.28565e-011
30 26 7.4197e-012
30 27 4.46103e-010
30 28 3.6988e-010
30 29 -1.69173e-011
30 30 0.0238095
30 31 0.0238095
30 32 5.60904e-011
30 33 -1.32924e-010
30 34 1.44754e-010
30 35 6.7219e-010
30 36 -2.09501e-010
30 37 -8.21498e-013
30 38 0.0102302
30 39 -0.0102302
30 40 2.81872e-012
30 41 -3.39096e-011
30 42 -2.99985e-010
30 43 3.10284e-010
30 44 -5.12762e-010
30 45 -1.80829e-010
30 46 -6.09349e-012
30 47 5.7013e-011
30 48 5.7013e-011
30 49 -4.28058e-011
30 50 1.14894e-010
30 51 -1.79724e-010
30 52 -4.59713e-010
30 53 -6.34667e-010
30 54 -5.7449e-010
30 55 -1.00696e-010
30 56 -5.05348e-012
30 57 -8.20069e-012
30 58 8.20069e-012
30 59 3.08755e-012
30 60 3.91079e-011
30 61 2.37538e-010
30 62 -3.94355e-010
30 63 -1.72987e-010
30 64 -9.35259e-010
30 65 -4.52639e-010
30 66 -8.58184e-011
31 0 0
31 1 2.53304e-010
31 2 -2.53304e-010
31 3 0
31 4 6.62947e-011
31 5 2.47679e-010
31 6 -2.47679e-010
31 7 3.2025e-011
31 8 -6.94892e-011
31 9 -6.94892e-011
31 10 1.21308e-010
31 11 6.49541e-011
31 12 -7.9946e-011
31 13 7.9946e-011
31 14 3.08284e-011
31 15 1.19977e-010
31 16 6.10478e-011
31 17 6.70685e-011
31 18 6.70685e-011
31 19 -7.95454e-011
31 20 1.60166e-010
31 21 2.90434e-010
31 22 -3.07897e-011
31 23 0.0139374
31 24 -0.0139374
31 25 -1.28565e-011
31 26 7.4197e-012
31 27 4.46103e-010
31 28 3.6988e-010
31 29 -1.69173e-011
31 30 0.0238095
31 31 0.0238095
31 32 5.60904e-011
31 33 -1.32924e-010
31 34 1.44754e-010
31 35 6.7219e-010
31 36 -2.09501e-010
31 37 -8.21498e-013
31 38 0.0102302
31 39 -0.0102302
31 40 2.81872e-012
31 41 -3.39096e-011
31 42 -2.99985e-010
31 43 3.10284e-010
31 44 -5.12762e-010
31 45 -1.80829e-010
31 46 -6.09349e-012
31 47 5.7013e-011
31 48 5.7013e-011
31 49 -4.28058e-011
31 50 1.14894e-010
31 51 -1.79724e-010
31 52 -4.59713e-010
31 53 -6.34667e-010
31 54 -5.7449e-010
31 55 -1.00696e-010
31 56 -5.05348e-012
31 57 -8.20069e-012
31 58 8.20069e-012
31 59 3.08755e-012
31 60 3.91079e-011
31 61 2.37538e-010
31 62 -3.94355e-010
31 63 -1.72987e-010
31 64 -9.35259e-010
31 65 -4.52639e-010
31 66 -8.58184e-011
32 0 0
32 1 -4.72595e-010
32 2 4.72595e-010
32 3 0
32 4 4.9907e-010
32 5 -5.10507e-010
32 6 5.10507e-010
32 7 6.26018e-010
32 8 6.29268e-011
32 9 6.29268e-011
32 10 1.16747e-009
32 11 3.07848e-010
32 12 1.82e-010
32 13 -1.82e-010
32 14 8.49615e-010
32 15 2.0849e-009
32 16 -2.41594e-011
32 17 -5.54805e-011
32 18 -5.54805e-011
32 19 -0.0525673
32 20 2.06455e-009
32 21 1.35191e-009
32 22 -8.22628e-011
32 23 -1.08784e-010
32 24 1.08784e-010
32 25 0.00478894
32 26 -7.42234e-010
32 27 1.72664e-009
32 28 -2.65112e-010
32 29 -1.48447e-010
32 30 5.60904e-011
32 31 5.60904e-011
32 32 0.0881262
32 33 -1.66073e-009
32 34 -1.52688e-010
32 35 -6.3918e-010
32 36 -8.11256e-010
32 37 -6.01036e-011
32 38 7.08722e-011
32 39 -7.08722e-011
32 40 0.00255188
32 41 5.27148e-010
32 42 -1.55505e-009
32 43 -4.90898e-010
32 44 -2.58659e-009
32 45 -1.43395e-009
32 46 2.40236e-011
32 47 -5.54209e-011
32 48 -5.54209e-011
32 49 -0.0303707
32 50 1.31548e-009
32 51 1.01416e-010
32 52 1.71673e-010
32 53 -4.15174e-009
32 54 -4.3853e-009
32 55 -7.29294e-010
32 56 1.48442e-011
32 57 -4.50728e-011
32 58 4.50728e-011
32 59 -6.9807e-010
32 60 -4.9687e-010
32 61 1.48045e-009
32 62 4.64299e-010
32 63 -2.6661e-009
32 64 -7.04302e-009
32 65 -2.44082e-009
32 66 1.97437e-010
33 0 0
33 1 1.93169e-009
33 2 -1.93169e-009
33 3 0
33 4 -1.97674e-009
33 5 2.27129e-009
33 6 -2.27129e-009
33 7 -5.66163e-010
33 8 -1.24738e-010
33 9 -1.24738e-010
33 10 -3.59481e-009
33 11 -3.81957e-011
33 12 -8.69172e-010
33 13 8.69172e-010
33 14 -9.05176e-010
33 15 -1.88531e-009
33 16 2.38147e-010
33 17 1.28389e-010
33 18 1.28389e-010
33 19 2.34763e-009
33 20 -0.100749
33 21 3.89304e-010
33 22 4.13834e-010
33 23 5.46005e-010
33 24 -5.46005e-010
33 25 3.84209e-010
33 26 0.0602345
33 27 9.67098e-010
33 28 1.68182e-009
33 29 6.85075e-011
33 30 -1.32924e-010
33 31 -1.32924e-010
33 32 -1.66073e-009
33 33 0.298593
33 34 1.92842e-010
33 35 3.9797e-009
33 36 2.21306e-009
33 37 -2.21236e-010
33 38 -3.98473e-010
33 39 3.98473e-010
33 40 -8.47825e-011
33 41 0.0369156
33 42 -5.58827e-010
33 43 3.96364e-009
33 44 4.82107e-009
33 45 7.31408e-010
33 46 -1.94306e-011
33 47 1.38563e-010
33 48 1.38563e-010
33 49 1.26939e-009
33 50 -0.0854429
33 51 -2.71022e-010
33 52 -1.13698e-010
33 53 6.11385e-009
