0 0 0.333333
0 1 0.166667
0 2 0.166667
0 3 -0.163299
0 4 -0.0816497
0 5 -0.163299
0 6 0.0351364
0 7 -0.0351364
0 8 0.0351364
0 9 -0.0351364
0 10 -0.0702728
0 11 0.0702728
0 12 -0.105409
0 13 -1.71796e-011
0 14 -0.00593914
0 15 -0.0118783
0 16 0.0523985
0 17 0.0356348
0 18 1.04615e-010
0 19 -1.04615e-010
0 20 7.23877e-011
0 21 -7.23877e-011
0 22 -1.29931e-010
0 23 1.29931e-010
0 24 -0.00857241
0 25 -0.00732291
0 26 4.06986e-011
0 27 1.30706e-011
0 28 1.5198e-011
0 29 -9.23281e-012
0 30 6.49457e-011
0 31 2.16374e-012
0 32 9.34139e-011
0 33 8.85781e-011
0 34 -9.33171e-011
0 35 9.33171e-011
0 36 -6.71819e-011
0 37 6.71819e-011
0 38 1.42665e-010
0 39 -1.42665e-010
0 40 1.02659e-010
0 41 -5.23725e-011
0 42 -9.52734e-011
0 43 -2.29656e-010
0 44 -1.39742e-011
0 45 -1.2404e-011
0 46 7.51278e-012
0 47 4.73997e-011
0 48 -1.06387e-010
0 49 -8.669e-011
0 50 -9.80175e-011
0 51 -5.67818e-011
0 52 -1.19279e-010
0 53 -1.8907e-010
0 54 7.90131e-011
0 55 -7.90131e-011
0 56 6.02096e-011
0 57 -6.02096e-011
0 58 -1.4374e-010
0 59 1.4374e-010
0 60 -8.00638e-011
0 61 3.33442e-011
0 62 9.91697e-011
0 63 7.35123e-011
0 64 -7.50048e-011
0 65 9.72542e-011
0 66 -3.86069e-011
0 67 8.02823e-012
0 68 -2.36158e-011
0 69 -1.0235e-010
0 70 1.51498e-010
0 71 1.66403e-010
0 72 9.22429e-011
0 73 1.46879e-011
0 74 6.51123e-011
0 75 9.44927e-012
0 76 -1.69229e-011
0 77 2.46077e-010
1 0 0.166667
1 1 0.333333
1 2 0.166667
1 3 -0.163299
1 4 -0.163299
1 5 -0.0816497
1 6 -0.0351364
1 7 0.0351364
1 8 0.0702728
1 9 -0.0702728
1 10 -0.0351364
1 11 0.0351364
1 12 -0.105409
1 13 1.78337e-011
1 14 -0.0118783
1 15 -0.00593914
1 16 0.0523985
1 17 -0.0356348
1 18 8.30879e-011
1 19 -8.30879e-011
1 20 1.22075e-010
1 21 -1.22075e-010
1 22 -7.23877e-011
1 23 7.23877e-011
1 24 -0.00857241
1 25 0.00732291
1 26 -7.49948e-011
1 27 -3.48614e-011
1 28 -1.5143e-010
1 29 1.5198e-011
1 30 1.11862e-010
1 31 -1.95229e-010
1 32 -2.63719e-010
1 33 -5.50964e-011
1 34 -9.64499e-011
1 35 9.64499e-011
1 36 -8.5554e-011
1 37 8.5554e-011
1 38 6.71819e-011
1 39 -6.71819e-011
1 40 1.34619e-010
1 41 5.56108e-012
1 42 -1.52358e-010
1 43 -5.41935e-010
1 44 -1.61502e-010
1 45 1.41402e-011
1 46 1.48197e-010
1 47 7.51277e-012
1 48 -1.24987e-010
1 49 1.5222e-010
1 50 9.76598e-011
1 51 -3.18801e-010
1 52 -3.039e-010
1 53 -2.16373e-010
1 54 8.10785e-011
1 55 -8.10785e-011
1 56 5.27969e-011
1 57 -5.27969e-011
1 58 -6.02096e-011
1 59 6.02096e-011
1 60 -7.40242e-011
1 61 -4.41536e-011
1 62 1.85401e-010
1 63 1.42525e-010
1 64 -3.46962e-010
1 65 3.78086e-011
1 66 6.4357e-011
1 67 -6.29865e-012
1 68 -1.25531e-010
1 69 -2.36158e-011
1 70 1.09022e-010
1 71 -8.60106e-011
1 72 -1.74019e-011
1 73 2.61523e-010
1 74 -2.97704e-011
1 75 -1.7422e-011
1 76 1.27368e-010
1 77 2.77328e-010
2 0 0.166667
2 1 0.166667
2 2 0.333333
2 3 -0.0816497
2 4 -0.163299
2 5 -0.163299
2 6 7.25088e-012
2 7 -7.25088e-012
2 8 -1.12885e-010
2 9 1.12885e-010
2 10 1.76228e-010
2 11 -1.76228e-010
2 12 -0.105409
2 13 -1.13474e-011
2 14 0.0178174
2 15 0.0178174
2 16 -0.0130996
2 17 9.31923e-011
2 18 -1.07968e-011
2 19 1.07968e-011
2 20 1.12746e-010
2 21 -1.12746e-010
2 22 -1.60357e-010
2 23 1.60357e-010
2 24 0.0171448
2 25 1.26866e-010
2 26 -8.60606e-011
2 27 -1.63442e-011
2 28 -1.59219e-010
2 29 -5.80937e-011
2 30 1.642e-010
2 31 -5.28208e-011
2 32 -2.33234e-010
2 33 -1.89942e-010
2 34 -1.94386e-011
2 35 1.94386e-011
2 36 -9.75148e-011
2 37 9.75148e-011
2 38 1.48663e-010
2 39 -1.48663e-010
2 40 1.30103e-010
2 41 -8.17946e-011
2 42 -2.35458e-010
2 43 -4.88007e-010
2 44 -1.30734e-010
2 45 1.86364e-012
2 46 1.56313e-010
2 47 8.9931e-011
2 48 -1.97029e-010
2 49 3.07506e-011
2 50 6.0186e-011
2 51 -3.67142e-010
2 52 -3.11546e-010
2 53 -4.77437e-011
2 54 1.84192e-011
2 55 -1.84192e-011
2 56 7.88459e-011
2 57 -7.88459e-011
2 58 -1.31498e-010
2 59 1.31498e-010
2 60 -7.62366e-011
2 61 6.02654e-011
2 62 2.73463e-010
2 63 1.31381e-010
2 64 -3.01341e-010
2 65 -1.11474e-011
2 66 2.68164e-011
2 67 1.334e-012
2 68 -1.58066e-010
2 69 -1.18356e-010
2 70 2.13136e-010
2 71 -1.55532e-011
2 72 1.53267e-011
2 73 3.44461e-010
2 74 4.30879e-011
2 75 -3.99612e-011
2 76 1.11526e-010
2 77 9.16998e-011
3 0 -0.163299
3 1 -0.163299
3 2 -0.0816497
3 3 0.133333
3 4 0.0666667
3 5 0.0666667
3 6 1.2525e-010
3 7 -1.2525e-010
3 8 -0.0368856
3 9 0.0368856
3 10 0.0368856
3 11 -0.0368856
3 12 0.0737711
3 13 -0.0109109
3 14 0.0109109
3 15 0.0109109
3 16 -0.0481311
3 17 1.01837e-011
3 18 -1.19782e-010
3 19 1.19782e-010
3 20 -0.00137464
3 21 0.00137464
3 22 0.00137464
3 23 -0.00137464
3 24 0.0139987
3 25 -1.93756e-010
3 26 -0.0128586
3 27 4.94356e-012
3 28 -1.57792e-011
3 29 -1.53578e-011
3 30 -0.00165788
3 31 1.12158e-010
3 32 0.00194404
3 33 -1.186e-010
3 34 1.06033e-010
3 35 -1.06033e-010
3 36 5.25699e-011
3 37 -5.25699e-011
3 38 -4.27649e-011
3 39 4.27649e-011
3 40 -7.81175e-011
3 41 3.64608e-011
3 42 3.09481e-011
3 43 2.17063e-010
3 44 4.02559e-011
3 45 -1.09e-013
3 46 -3.77218e-012
3 47 7.78322e-013
3 48 4.05716e-011
3 49 -3.97911e-011
3 50 3.07563e-011
3 51 3.86367e-011
3 52 9.89752e-011
3 53 2.28678e-010
3 54 -8.79108e-011
3 55 8.79108e-011
3 56 -3.75364e-011
3 57 3.75364e-011
3 58 4.8265e-011
3 59 -4.8265e-011
3 60 5.49163e-011
3 61 -2.21259e-012
3 62 -3.41022e-011
3 63 -6.34936e-011
3 64 1.03417e-010
3 65 -6.6881e-011
3 66 -2.03476e-012
3 67 -3.73767e-013
3 68 2.771e-012
3 69 2.40846e-011
3 70 -5.01033e-011
3 71 -4.16596e-011
3 72 -3.76844e-011
3 73 1.00926e-011
3 74 3.95146e-013
3 75 1.79078e-011
3 76 -1.04997e-011
3 77 -2.71569e-010
4 0 -0.0816497
4 1 -0.163299
4 2 -0.163299
4 3 0.0666667
4 4 0.133333
4 5 0.0666667
4 6 0.0122952
4 7 -0.0122952
4 8 -0.0245904
4 9 0.0245904
4 10 0.0122952
4 11 -0.0122952
4 12 0.0737711
4 13 1.73193e-011
4 14 -0.0145479
4 15 -0.00727393
4 16 -0.00802185
4 17 0.0218218
4 18 9.31299e-012
4 19 -9.31299e-012
4 20 0.00549857
4 21 -0.00549857
4 22 -0.00274929
4 23 0.00274929
4 24 -0.0139987
4 25 0.00597913
4 26 1.35772e-010
4 27 2.11154e-011
4 28 1.86694e-010
4 29 -6.09038e-012
4 30 0.00414471
4 31 -0.003253
4 32 2.98882e-010
4 33 1.94733e-010
4 34 2.27336e-011
4 35 -2.27336e-011
4 36 7.83461e-011
4 37 -7.83461e-011
4 38 -6.92265e-011
4 39 6.92265e-011
4 40 -1.32099e-010
4 41 -5.03139e-012
4 42 1.96097e-010
4 43 5.11107e-010
4 44 1.45587e-010
4 45 -5.58887e-012
4 46 -1.72926e-010
4 47 -1.54086e-011
4 48 1.31221e-010
4 49 -1.47338e-010
4 50 -1.30807e-010
4 51 3.89467e-010
4 52 3.39723e-010
4 53 6.11895e-011
4 54 -2.03418e-011
4 55 2.03418e-011
4 56 -5.86806e-011
4 57 5.86806e-011
4 58 6.16815e-011
4 59 -6.16815e-011
4 60 8.23948e-011
4 61 2.68113e-011
4 62 -2.32834e-010
4 63 -1.29617e-010
4 64 3.66955e-010
4 65 2.27434e-011
4 66 -4.75451e-011
4 67 3.21787e-013
4 68 1.64593e-010
4 69 3.0991e-011
4 70 -1.4031e-010
4 71 1.38596e-010
4 72 5.57637e-011
4 73 -3.62193e-010
4 74 1.77471e-011
4 75 2.2981e-011
4 76 -1.56853e-010
4 77 -9.92215e-011
5 0 -0.163299
5 1 -0.0816497
5 2 -0.163299
5 3 0.0666667
5 4 0.0666667
5 5 0.133333
5 6 -0.0122952
5 7 0.0122952
5 8 -0.0122952
5 9 0.0122952
5 10 0.0245904
5 11 -0.0245904
5 12 0.0737711
5 13 -9.39894e-012
5 14 -0.00727393
5 15 -0.0145479
5 16 -0.00802185
5 17 -0.0218218
5 18 -1.49724e-011
5 19 1.49724e-011
5 20 0.00274929
5 21 -0.00274929
5 22 -0.00549857
5 23 0.00549857
5 24 -0.0139987
5 25 -0.00597913
5 26 -5.57864e-011
5 27 1.82704e-012
5 28 -6.09038e-012
5 29 4.96143e-011
5 30 0.00414471
5 31 0.003253
5 32 -4.28607e-011
5 33 3.26746e-011
5 34 1.98649e-011
5 35 -1.98649e-011
5 36 6.92265e-011
5 37 -6.92265e-011
5 38 -1.46198e-010
5 39 1.46198e-010
5 40 -8.29079e-011
5 41 1.09085e-010
5 42 1.00777e-010
5 43 1.58949e-010
5 44 3.85204e-011
5 45 3.35269e-012
5 46 -1.54086e-011
5 47 -8.21964e-011
5 48 1.29459e-010
5 49 1.03424e-010
5 50 8.72217e-011
5 51 9.41376e-011
5 52 1.01558e-010
5 53 3.73709e-011
5 54 -1.80496e-011
5 55 1.80496e-011
5 56 -6.16815e-011
5 57 6.16815e-011
5 58 1.31744e-010
5 59 -1.31744e-010
5 60 5.12298e-011
5 61 -9.89455e-011
5 62 -1.1042e-010
5 63 -5.16056e-011
5 64 6.62886e-011
5 65 -2.27112e-011
5 66 1.49785e-011
5 67 -2.16952e-012
5 68 3.0991e-011
5 69 1.14032e-010
5 70 -1.46871e-010
5 71 -1.27742e-010
5 72 -1.04884e-010
5 73 -8.39177e-011
5 74 -6.7013e-011
5 75 2.63648e-011
5 76 1.97104e-011
5 77 -6.45405e-011
6 0 0.0351364
6 1 -0.0351364
6 2 7.25088e-012
6 3 1.2525e-010
6 4 0.0122952
6 5 -0.0122952
6 6 0.0238095
6 7 -0.0238095
6 8 -0.00793651
6 9 0.00793651
6 10 -0.00793651
6 11 0.00793651
6 12 5.55566e-012
6 13 -4.58928e-011
6 14 0.0031302
6 15 -0.0031302
6 16 -8.26652e-011
6 17 0.0187812
6 18 -0.00425918
6 19 0.00425918
6 20 -0.000709863
6 21 0.000709863
6 22 -0.000709863
6 23 0.000709863
6 24 9.25742e-011
6 25 -0.00926283
6 26 -3.50365e-011
6 27 2.66827e-011
6 28 7.13439e-005
6 29 -7.13439e-005
6 30 -3.29414e-011
6 31 0.00229069
6 32 5.83342e-011
6 33 -0.00561103
6 34 7.71199e-013
6 35 -7.71199e-013
6 36 1.55709e-011
6 37 -1.55709e-011
6 38 7.44527e-012
6 39 -7.44527e-012
6 40 -1.18266e-011
6 41 -0.000234893
6 42 -1.78238e-011
6 43 0.000663091
6 44 5.64273e-011
6 45 -1.54672e-011
6 46 -9.68374e-012
6 47 1.23918e-013
6 48 1.26865e-011
6 49 -4.00123e-011
6 50 -1.14265e-011
6 51 3.19473e-011
6 52 1.44901e-011
6 53 7.41598e-012
6 54 -2.72883e-013
6 55 2.72883e-013
6 56 -2.20971e-012
6 57 2.20971e-012
6 58 -1.80776e-011
6 59 1.80776e-011
6 60 -1.09753e-011
6 61 -1.31179e-011
6 62 1.25315e-011
6 63 -8.28214e-012
6 64 4.83699e-011
6 65 1.99092e-011
6 66 -4.27862e-011
6 67 9.74584e-012
6 68 -3.94153e-012
6 69 -1.83125e-011
6 70 2.84244e-011
6 71 4.14497e-011
6 72 -1.92659e-011
6 73 -3.00601e-011
6 74 2.77253e-011
6 75 2.3061e-011
6 76 -4.97602e-012
6 77 -4.12963e-012
7 0 -0.0351364
7 1 0.0351364
7 2 -7.25088e-012
7 3 -1.2525e-010
7 4 -0.0122952
7 5 0.0122952
7 6 -0.0238095
7 7 0.0238095
7 8 0.00793651
7 9 -0.00793651
7 10 0.00793651
7 11 -0.00793651
7 12 -5.55566e-012
7 13 4.58928e-011
7 14 -0.0031302
7 15 0.0031302
7 16 8.26652e-011
7 17 -0.0187812
7 18 0.00425918
7 19 -0.00425918
7 20 0.000709863
7 21 -0.000709863
7 22 0.000709863
7 23 -0.000709863
7 24 -9.25742e-011
7 25 0.00926283
7 26 3.50365e-011
7 27 -2.66827e-011
7 28 -7.13439e-005
7 29 7.13439e-005
7 30 3.29414e-011
7 31 -0.00229069
7 32 -5.83342e-011
7 33 0.00561103
7 34 -7.71199e-013
7 35 7.71199e-013
7 36 -1.55709e-011
7 37 1.55709e-011
7 38 -7.44527e-012
7 39 7.44527e-012
7 40 1.18266e-011
7 41 0.000234893
7 42 1.78238e-011
7 43 -0.000663091
7 44 -5.64273e-011
7 45 1.54672e-011
7 46 9.68374e-012
7 47 -1.23918e-013
7 48 -1.26865e-011
7 49 4.00123e-011
7 50 1.14265e-011
7 51 -3.19473e-011
7 52 -1.44901e-011
7 53 -7.41598e-012
7 54 2.72883e-013
7 55 -2.72883e-013
7 56 2.20971e-012
7 57 -2.20971e-012
7 58 1.80776e-011
7 59 -1.80776e-011
7 60 1.09753e-011
7 61 1.31179e-011
7 62 -1.25315e-011
7 63 8.28214e-012
7 64 -4.83699e-011
7 65 -1.99092e-011
7 66 4.27862e-011
7 67 -9.74584e-012
7 68 3.94153e-012
7 69 1.83125e-011
7 70 -2.84244e-011
7 71 -4.14497e-011
7 72 1.92659e-011
7 73 3.00601e-011
7 74 -2.77253e-011
7 75 -2.3061e-011
7 76 4.97602e-012
7 77 4.12963e-012
8 0 0.0351364
8 1 0.0702728
8 2 -1.12885e-010
8 3 -0.0368856
8 4 -0.0245904
8 5 -0.0122952
8 6 -0.00793651
8 7 0.00793651
8 8 0.031746
8 9 -0.031746
8 10 -0.015873
8 11 0.015873
8 12 -0.0238095
8 13 1.0692e-011
8 14 -0.0062604
8 15 -0.0031302
8 16 0.0241644
8 17 -0.0093906
8 18 2.26735e-011
8 19 -2.26735e-011
8 20 -0.00709863
8 21 0.00709863
8 22 0.00354931
8 23 -0.00354931
8 24 -7.37421e-011
8 25 0.00463142
8 26 1.60526e-011
8 27 -7.19562e-012
8 28 0.00285376
8 29 0.00142688
8 30 -0.00729654
8 31 0.00343604
8 32 -2.28325e-012
8 33 9.21512e-012
8 34 -2.25722e-011
8 35 2.25722e-011
8 36 -2.71202e-011
8 37 2.71202e-011
8 38 1.46837e-011
8 39 -1.46837e-011
8 40 0.00219859
8 41 -0.00164425
8 42 -6.82278e-012
8 43 -7.88732e-011
8 44 -3.02844e-011
8 45 2.86296e-012
8 46 7.62194e-013
8 47 -6.47991e-012
8 48 -1.57927e-011
8 49 2.96023e-011
8 50 -1.06777e-011
8 51 -3.57083e-011
8 52 -5.35286e-011
8 53 -5.19203e-011
8 54 1.85897e-011
8 55 -1.85897e-011
8 56 2.03707e-011
8 57 -2.03707e-011
8 58 -1.35417e-011
8 59 1.35417e-011
8 60 -2.75767e-011
8 61 1.02685e-011
8 62 8.64909e-012
8 63 2.12911e-011
8 64 -6.465e-011
8 65 2.57896e-012
8 66 9.29424e-012
8 67 -1.55151e-012
8 68 -1.76485e-012
8 69 1.88979e-012
8 70 1.34425e-011
8 71 -1.32679e-011
8 72 1.81531e-011
8 73 2.4133e-011
8 74 -1.02873e-011
8 75 -1.75664e-011
8 76 8.11752e-012
8 77 6.02106e-011
9 0 -0.0351364
9 1 -0.0702728
9 2 1.12885e-010
9 3 0.0368856
9 4 0.0245904
9 5 0.0122952
9 6 0.00793651
9 7 -0.00793651
9 8 -0.031746
9 9 0.031746
9 10 0.015873
9 11 -0.015873
9 12 0.0238095
9 13 -1.0692e-011
9 14 0.0062604
9 15 0.0031302
9 16 -0.0241644
9 17 0.0093906
9 18 -2.26735e-011
9 19 2.26735e-011
9 20 0.00709863
9 21 -0.00709863
9 22 -0.00354931
9 23 0.00354931
9 24 7.37421e-011
9 25 -0.00463142
9 26 -1.60526e-011
9 27 7.19562e-012
9 28 -0.00285376
9 29 -0.00142688
9 30 0.00729654
9 31 -0.00343604
9 32 2.28325e-012
9 33 -9.21512e-012
9 34 2.25722e-011
9 35 -2.25722e-011
9 36 2.71202e-011
9 37 -2.71202e-011
9 38 -1.46837e-011
9 39 1.46837e-011
9 40 -0.00219859
9 41 0.00164425
9 42 6.82278e-012
9 43 7.88732e-011
9 44 3.02844e-011
9 45 -2.86296e-012
9 46 -7.62194e-013
9 47 6.47991e-012
9 48 1.57927e-011
9 49 -2.96023e-011
9 50 1.06777e-011
9 51 3.57083e-011
9 52 5.35286e-011
9 53 5.19203e-011
9 54 -1.85897e-011
9 55 1.85897e-011
9 56 -2.03707e-011
9 57 2.03707e-011
9 58 1.35417e-011
9 59 -1.35417e-011
9 60 2.75767e-011
9 61 -1.02685e-011
9 62 -8.64909e-012
9 63 -2.12911e-011
9 64 6.465e-011
9 65 -2.57896e-012
9 66 -9.29424e-012
9 67 1.55151e-012
9 68 1.76485e-012
9 69 -1.88979e-012
9 70 -1.34425e-011
9 71 1.32679e-011
9 72 -1.81531e-011
9 73 -2.4133e-011
9 74 1.02873e-011
9 75 1.75664e-011
9 76 -8.11752e-012
9 77 -6.02106e-011
10 0 -0.0702728
10 1 -0.0351364
10 2 1.76228e-010
10 3 0.0368856
10 4 0.0122952
10 5 0.0245904
10 6 -0.00793651
10 7 0.00793651
10 8 -0.015873
10 9 0.015873
10 10 0.031746
10 11 -0.031746
10 12 0.0238095
10 13 1.44622e-012
10 14 0.0031302
10 15 0.0062604
10 16 -0.0241644
10 17 -0.0093906
10 18 -2.51511e-011
10 19 2.51511e-011
10 20 0.00354931
10 21 -0.00354931
10 22 -0.00709863
10 23 0.00709863
10 24 4.3129e-011
10 25 0.00463142
10 26 -2.37447e-011
10 27 -2.95005e-012
10 28 -0.00142688
10 29 -0.00285376
10 30 0.00729654
10 31 0.00343604
10 32 -5.03712e-011
10 33 -2.57748e-011
10 34 2.15067e-011
10 35 -2.15067e-011
10 36 1.46837e-011
10 37 -1.46837e-011
10 38 -3.40111e-011
10 39 3.40111e-011
10 40 -0.00219859
10 41 -0.00164425
10 42 3.1206e-012
10 43 4.27974e-011
10 44 4.58295e-012
10 45 2.95718e-012
10 46 6.47991e-012
10 47 1.4762e-011
10 48 1.11928e-011
10 49 1.77639e-011
10 50 3.59618e-011
10 51 5.27854e-012
10 52 3.34326e-011
10 53 4.13812e-011
10 54 -1.83118e-011
10 55 1.83118e-011
10 56 -1.35417e-011
10 57 1.35417e-011
10 58 3.53961e-011
10 59 -3.53961e-011
10 60 3.27466e-011
10 61 2.14161e-011
10 62 -5.57358e-013
10 63 -1.3515e-011
10 64 2.92366e-011
10 65 -3.2309e-011
10 66 1.00569e-011
10 67 -1.86027e-012
10 68 -1.88979e-012
10 69 1.63433e-012
10 70 -2.36535e-011
10 71 -3.52891e-011
10 72 -2.78634e-011
10 73 4.46895e-012
10 74 -4.40077e-012
10 75 -2.12232e-011
10 76 8.69776e-012
10 77 -5.60057e-011
11 0 0.0702728
11 1 0.0351364
11 2 -1.76228e-010
11 3 -0.0368856
11 4 -0.0122952
11 5 -0.0245904
11 6 0.00793651
11 7 -0.00793651
11 8 0.015873
11 9 -0.015873
11 10 -0.031746
11 11 0.031746
11 12 -0.0238095
11 13 -1.44622e-012
11 14 -0.0031302
11 15 -0.0062604
11 16 0.0241644
11 17 0.0093906
11 18 2.51511e-011
11 19 -2.51511e-011
11 20 -0.00354931
11 21 0.00354931
11 22 0.00709863
11 23 -0.00709863
11 24 -4.3129e-011
11 25 -0.00463142
11 26 2.37447e-011
11 27 2.95005e-012
11 28 0.00142688
11 29 0.00285376
11 30 -0.00729654
11 31 -0.00343604
11 32 5.03712e-011
11 33 2.57748e-011
11 34 -2.15067e-011
11 35 2.15067e-011
11 36 -1.46837e-011
11 37 1.46837e-011
11 38 3.40111e-011
11 39 -3.40111e-011
11 40 0.00219859
11 41 0.00164425
11 42 -3.1206e-012
11 43 -4.27974e-011
11 44 -4.58295e-012
11 45 -2.95718e-012
11 46 -6.47991e-012
11 47 -1.4762e-011
11 48 -1.11928e-011
11 49 -1.77639e-011
11 50 -3.59618e-011
11 51 -5.27854e-012
11 52 -3.34326e-011
11 53 -4.13812e-011
11 54 1.83118e-011
11 55 -1.83118e-011
11 56 1.35417e-011
11 57 -1.35417e-011
11 58 -3.53961e-011
11 59 3.53961e-011
11 60 -3.27466e-011
11 61 -2.14161e-011
11 62 5.57358e-013
11 63 1.3515e-011
11 64 -2.92366e-011
11 65 3.2309e-011
11 66 -1.00569e-011
11 67 1.86027e-012
11 68 1.88979e-012
11 69 -1.63433e-012
11 70 2.36535e-011
11 71 3.52891e-011
11 72 2.78634e-011
11 73 -4.46895e-012
11 74 4.40077e-012
11 75 2.12232e-011
11 76 -8.69776e-012
11 77 5.60057e-011
12 0 -0.105409
12 1 -0.105409
12 2 -0.105409
12 3 0.0737711
12 4 0.0737711
12 5 0.0737711
12 6 5.55566e-012
12 7 -5.55566e-012
12 8 -0.0238095
12 9 0.0238095
12 10 0.0238095
12 11 -0.0238095
12 12 0.0714286
12 13 -0.0046953
12 14 -0.0046953
12 15 -0.0046953
12 16 -0.0207123
12 17 -1.19148e-010
12 18 -3.16971e-011
12 19 3.16971e-011
12 20 0.00532397
12 21 -0.00532397
12 22 -0.00532397
12 23 0.00532397
12 24 -0.0108433
12 25 -1.86933e-010
12 26 -0.00996024
12 27 8.32187e-012
12 28 -0.00107016
12 29 -0.00107016
12 30 0.0075884
12 31 8.15806e-011
12 32 -0.00342238
12 33 2.42695e-011
12 34 3.7989e-011
12 35 -3.7989e-011
12 36 8.484e-011
12 37 -8.484e-011
12 38 -7.12423e-011
12 39 7.12423e-011
12 40 -0.00131915
12 41 1.09984e-010
12 42 0.00122079
12 43 2.15029e-010
12 44 6.76156e-011
12 45 -2.7939e-013
12 46 -4.53167e-012
12 47 -1.55871e-011
12 48 7.23103e-011
12 49 -4.44555e-011
12 50 4.14474e-011
12 51 1.25294e-010
12 52 1.65613e-010
12 53 9.15805e-011
12 54 -3.14953e-011
12 55 3.14953e-011
12 56 -7.29053e-011
12 57 7.29053e-011
12 58 6.6853e-011
12 59 -6.6853e-011
12 60 8.57253e-011
12 61 -7.80983e-011
12 62 -6.76605e-011
12 63 -5.93694e-011
12 64 1.71503e-010
12 65 1.48469e-011
12 66 -4.70694e-012
12 67 -6.35498e-013
12 68 2.06971e-011
12 69 3.64821e-011
12 70 -8.73724e-011
12 71 1.51247e-011
12 72 -5.64664e-011
12 73 -1.03994e-010
12 74 -2.16691e-012
12 75 6.72246e-011
12 76 -2.25757e-011
12 77 -1.08743e-010
13 0 -1.71796e-011
13 1 1.78337e-011
13 2 -1.13474e-011
13 3 -0.0109109
13 4 1.73193e-011
13 5 -9.39894e-012
13 6 -4.58928e-011
13 7 4.58928e-011
13 8 1.0692e-011
13 9 -1.0692e-011
13 10 1.44622e-012
13 11 -1.44622e-012
13 12 -0.0046953
13 13 0.00888889
13 14 -1.79508e-011
13 15 1.23503e-011
13 16 0.00408453
13 17 -2.34509e-011
13 18 4.12044e-011
13 19 -4.12044e-011
13 20 2.99268e-012
13 21 -2.99268e-012
13 22 1.1737e-011
13 23 -1.1737e-011
13 24 -0.00194394
13 25 4.15895e-011
13 26 0.00857099
13 27 -0.00211038
13 28 5.59741e-012
13 29 7.06947e-013
13 30 0.000575558
13 31 -2.84652e-011
13 32 -0.00323953
13 33 5.93077e-011
13 34 -3.33768e-011
13 35 3.33768e-011
13 36 1.15563e-012
13 37 -1.15563e-012
13 38 -6.74402e-012
13 39 6.74402e-012
13 40 -0.000100054
13 41 4.50781e-012
13 42 0.000666674
13 43 -2.22547e-011
13 44 -0.00304138
13 45 -5.62207e-014
13 46 -4.50428e-012
13 47 -2.86156e-012
13 48 7.86404e-006
13 49 7.54106e-012
13 50 -5.89249e-005
13 51 2.49812e-011
13 52 0.000293644
13 53 -7.05046e-011
13 54 2.75146e-011
13 55 -2.75146e-011
13 56 -3.89193e-012
13 57 3.89193e-012
13 58 2.88302e-012
13 59 -2.88302e-012
13 60 2.59364e-012
13 61 -1.20499e-011
13 62 -8.35853e-012
13 63 7.6836e-012
13 64 9.59265e-012
13 65 2.69962e-011
13 66 -8.12087e-013
13 67 -4.1991e-014
13 68 8.59641e-012
13 69 -1.91577e-013
13 70 -6.65115e-012
13 71 1.80629e-011
13 72 -6.76183e-013
13 73 -3.89482e-011
13 74 -1.28356e-012
13 75 3.6759e-012
13 76 -3.3891e-012
13 77 8.13307e-011
14 0 -0.00593914
14 1 -0.0118783
14 2 0.0178174
14 3 0.0109109
14 4 -0.0145479
14 5 -0.00727393
14 6 0.0031302
14 7 -0.0031302
14 8 -0.0062604
14 9 0.0062604
14 10 0.0031302
14 11 -0.0031302
14 12 -0.0046953
14 13 -1.79508e-011
14 14 0.0148148
14 15 0.00740741
14 16 -0.0122536
14 17 4.11562e-011
14 18 -3.52099e-011
14 19 3.52099e-011
14 20 -0.00305426
14 21 0.00305426
14 22 0.00152713
14 23 -0.00152713
14 24 0.0126356
14 25 -0.00581209
14 26 -6.60314e-011
14 27 -2.20266e-012
14 28 -0.00422076
14 29 -0.00211038
14 30 0.000575558
14 31 0.00180692
14 32 -1.11063e-010
14 33 -1.12951e-010
14 34 1.81155e-011
14 35 -1.81155e-011
14 36 0.00176479
14 37 -0.00176479
14 38 -0.000882395
14 39 0.000882395
14 40 -0.00450244
14 41 0.00224481
14 42 -8.00562e-011
14 43 -1.58296e-010
14 44 -4.26093e-011
14 45 -1.12539e-012
14 46 6.57831e-011
14 47 7.84101e-012
14 48 0.00137621
14 49 -0.000993819
14 50 5.47824e-011
14 51 -1.53364e-010
14 52 -1.24798e-010
14 53 3.37271e-011
14 54 -1.43931e-011
14 55 1.43931e-011
14 56 2.14508e-011
14 57 -2.14508e-011
14 58 -2.0909e-011
14 59 2.0909e-011
14 60 -3.01575e-011
14 61 -2.83573e-012
14 62 9.34892e-011
14 63 3.83743e-011
14 64 -1.28299e-010
14 65 -2.85766e-011
14 66 9.87657e-012
14 67 1.97188e-012
14 68 -6.80117e-011
14 69 -1.28129e-011
14 70 5.72787e-011
14 71 -6.41169e-011
14 72 -3.17796e-011
14 73 1.54778e-010
14 74 -1.68783e-012
14 75 -9.5325e-012
14 76 6.21216e-011
14 77 -2.91215e-011
15 0 -0.0118783
15 1 -0.00593914
15 2 0.0178174
15 3 0.0109109
15 4 -0.00727393
15 5 -0.0145479
15 6 -0.0031302
15 7 0.0031302
15 8 -0.0031302
15 9 0.0031302
15 10 0.0062604
15 11 -0.0062604
15 12 -0.0046953
15 13 1.23503e-011
15 14 0.00740741
15 15 0.0148148
15 16 -0.0122536
15 17 4.73271e-011
15 18 -2.622e-011
15 19 2.622e-011
15 20 -0.00152713
15 21 0.00152713
15 22 0.00305426
15 23 -0.00305426
15 24 0.0126356
15 25 0.00581209
15 26 2.36942e-011
15 27 -5.78449e-012
15 28 -0.00211038
15 29 -0.00422076
15 30 0.000575559
15 31 -0.00180692
15 32 -3.40529e-012
15 33 -5.2968e-011
15 34 1.89723e-011
15 35 -1.89723e-011
15 36 0.000882395
15 37 -0.000882395
15 38 -0.00176479
15 39 0.00176479
15 40 -0.00450244
15 41 -0.00224481
15 42 -3.52391e-011
15 43 -2.79752e-011
15 44 -2.12735e-011
15 45 2.03871e-012
15 46 7.84101e-012
15 47 3.9281e-011
15 48 0.00137621
15 49 0.000993819
15 50 -2.5089e-011
15 51 -4.41196e-011
15 52 -2.74215e-011
15 53 4.03919e-011
15 54 -1.52299e-011
15 55 1.52299e-011
15 56 2.0909e-011
15 57 -2.0909e-011
15 58 -3.93949e-011
15 59 3.93949e-011
15 60 -6.91462e-012
15 61 5.55313e-011
15 62 4.04263e-011
15 63 9.44772e-012
15 64 -1.88898e-011
15 65 -1.84104e-011
15 66 3.26304e-012
15 67 -1.31983e-012
15 68 -1.28129e-011
15 69 -4.1771e-011
15 70 4.69594e-011
15 71 2.8799e-011
15 72 3.90795e-011
15 73 5.18235e-011
15 74 2.28213e-011
15 75 -2.1172e-011
15 76 -7.48723e-012
15 77 -4.17827e-011
16 0 0.0523985
16 1 0.0523985
16 2 -0.0130996
16 3 -0.0481311
16 4 -0.00802185
16 5 -0.00802185
16 6 -8.26652e-011
16 7 8.26652e-011
16 8 0.0241644
16 9 -0.0241644
16 10 -0.0241644
16 11 0.0241644
16 12 -0.0207123
16 13 0.00408453
16 14 -0.0122536
16 15 -0.0122536
16 16 0.036036
16 17 -8.20803e-011
16 18 6.24322e-011
16 19 -6.24322e-011
16 20 -0.00294727
16 21 0.00294727
16 22 0.00294727
16 23 -0.00294727
16 24 -0.0111479
16 25 1.55085e-011
16 26 0.00551383
16 27 1.21922e-012
16 28 0.00418927
16 29 0.00418927
16 30 -0.00812465
16 31 -2.57557e-011
16 32 -0.00297719
16 33 9.68827e-011
16 34 -4.90087e-011
16 35 4.90087e-011
16 36 -0.000973124
16 37 0.000973124
16 38 0.000973124
16 39 -0.000973124
16 40 0.00626742
16 41 4.4217e-011
16 42 -0.00253243
16 43 -1.38395e-011
16 44 9.59405e-012
16 45 -2.39745e-013
16 46 -1.20545e-011
16 47 -2.2151e-011
16 48 -0.00121417
16 49 -6.36907e-013
16 50 0.000974755
16 51 5.23674e-011
16 52 2.21892e-011
16 53 -9.96146e-011
16 54 4.06332e-011
16 55 -4.06332e-011
16 56 -1.09858e-011
16 57 1.09858e-011
16 58 -2.08471e-013
16 59 2.08471e-013
16 60 -1.37059e-012
16 61 -4.76872e-011
16 62 -3.1168e-011
16 63 6.27203e-012
16 64 1.976e-011
16 65 5.53658e-011
16 66 -3.34648e-012
16 67 -1.06082e-013
16 68 1.89545e-011
16 69 1.4238e-011
16 70 -1.90809e-011
16 71 3.81897e-011
16 72 6.17802e-012
16 73 -7.24695e-011
16 74 -6.18891e-012
16 75 3.00383e-011
16 76 -1.34663e-011
16 77 1.18307e-010
17 0 0.0356348
17 1 -0.0356348
17 2 9.31923e-011
17 3 1.01837e-011
17 4 0.0218218
17 5 -0.0218218
17 6 0.0187812
17 7 -0.0187812
17 8 -0.0093906
17 9 0.0093906
17 10 -0.0093906
17 11 0.0093906
17 12 -1.19148e-010
17 13 -2.34509e-011
17 14 4.11562e-011
17 15 4.73271e-011
17 16 -8.20803e-011
17 17 0.0266667
17 18 -0.00274883
17 19 0.00274883
17 20 0.00183255
17 21 -0.00183255
17 22 0.00183256
17 23 -0.00183256
17 24 1.37409e-010
17 25 -0.00199272
17 26 5.59734e-012
17 27 2.13821e-011
17 28 -0.000759737
17 29 0.000759737
17 30 -7.30544e-012
17 31 -0.00542077
17 32 8.13935e-011
17 33 -0.00663906
17 34 2.25825e-012
17 35 -2.25825e-012
17 36 0.000105887
17 37 -0.000105887
17 38 0.000105887
17 39 -0.000105887
17 40 -6.39606e-011
17 41 0.00243722
17 42 2.55521e-012
17 43 -0.00253479
17 44 7.33382e-011
17 45 -1.07689e-011
17 46 -1.50463e-011
17 47 2.52504e-011
17 48 4.96822e-012
17 49 -0.000340738
17 50 -3.66882e-011
17 51 0.000674246
17 52 1.08218e-010
17 53 2.14842e-011
17 54 -8.77904e-013
17 55 8.77904e-013
17 56 -3.06965e-011
17 57 3.06965e-011
17 58 -2.81935e-011
17 59 2.81935e-011
17 60 3.64892e-011
17 61 -2.76544e-011
17 62 -9.40258e-012
17 63 -2.71621e-011
17 64 1.51495e-010
17 65 5.65374e-011
17 66 -3.90191e-011
17 67 5.89581e-012
17 68 1.35812e-011
17 69 -3.85598e-011
17 70 1.43929e-011
17 71 1.28291e-010
17 72 1.06726e-011
17 73 -9.82858e-011
17 74 4.96768e-011
17 75 6.20343e-011
17 76 -4.58852e-011
17 77 -1.32837e-011
18 0 1.04615e-010
18 1 8.30879e-011
18 2 -1.07968e-011
18 3 -1.19782e-010
18 4 9.31299e-012
18 5 -1.49724e-011
18 6 -0.00425918
18 7 0.00425918
18 8 2.26735e-011
18 9 -2.26735e-011
18 10 -2.51511e-011
18 11 2.51511e-011
18 12 -3.16971e-011
18 13 4.12044e-011
18 14 -3.52099e-011
18 15 -2.622e-011
18 16 6.24322e-011
18 17 -0.00274883
18 18 0.004329
18 19 -0.004329
18 20 1.89798e-011
18 21 -1.89798e-011
18 22 -1.65208e-011
18 23 1.65208e-011
18 24 -5.98807e-011
18 25 0.00188294
18 26 4.34088e-011
18 27 -2.09765e-011
18 28 8.29982e-013
18 29 -4.48807e-012
18 30 3.04827e-011
18 31 -0.000788023
18 32 -2.61405e-011
18 33 0.00482563
18 34 -0.00120065
18 35 0.00120065
18 36 -4.94452e-012
18 37 4.94452e-012
18 38 2.53509e-012
18 39 -2.53509e-012
18 40 -2.58738e-012
18 41 0.000207786
18 42 2.19343e-011
18 43 -0.00146642
18 44 -3.62136e-011
18 45 1.25597e-011
18 46 1.77106e-012
18 47 5.32551e-012
18 48 -1.12643e-011
18 49 -3.21967e-005
18 50 -5.42968e-012
18 51 0.000254841
18 52 1.65961e-011
18 53 -0.00186611
18 54 -2.46481e-015
18 55 2.46481e-015
18 56 -5.10717e-012
18 57 5.10717e-012
18 58 7.44638e-012
18 59 -7.44638e-012
18 60 1.87427e-011
18 61 2.25821e-006
18 62 -1.92897e-011
18 63 -1.95631e-005
18 64 -5.36621e-012
18 65 0.000151957
18 66 3.13571e-011
18 67 -8.21804e-012
18 68 1.08034e-011
18 69 8.33056e-012
18 70 -2.45183e-011
18 71 -1.62166e-012
18 72 2.77321e-011
18 73 -9.02394e-013
18 74 -1.3841e-011
18 75 -4.60298e-012
18 76 -1.15234e-011
18 77 -3.73221e-014
19 0 -1.04615e-010
19 1 -8.30879e-011
19 2 1.07968e-011
19 3 1.19782e-010
19 4 -9.31299e-012
19 5 1.49724e-011
19 6 0.00425918
19 7 -0.00425918
19 8 -2.26735e-011
19 9 2.26735e-011
19 10 2.51511e-011
19 11 -2.51511e-011
19 12 3.16971e-011
19 13 -4.12044e-011
19 14 3.52099e-011
19 15 2.622e-011
19 16 -6.24322e-011
19 17 0.00274883
19 18 -0.004329
19 19 0.004329
19 20 -1.89798e-011
19 21 1.89798e-011
19 22 1.65208e-011
19 23 -1.65208e-011
19 24 5.98807e-011
19 25 -0.00188294
19 26 -4.34088e-011
19 27 2.09765e-011
19 28 -8.29982e-013
19 29 4.48807e-012
19 30 -3.04827e-011
19 31 0.000788023
19 32 2.61405e-011
19 33 -0.00482563
19 34 0.00120065
19 35 -0.00120065
19 36 4.94452e-012
19 37 -4.94452e-012
19 38 -2.53509e-012
19 39 2.53509e-012
19 40 2.58738e-012
19 41 -0.000207786
19 42 -2.19343e-011
19 43 0.00146642
19 44 3.62136e-011
19 45 -1.25597e-011
19 46 -1.77106e-012
19 47 -5.32551e-012
19 48 1.12643e-011
19 49 3.21967e-005
19 50 5.42968e-012
19 51 -0.000254841
19 52 -1.65961e-011
19 53 0.00186611
19 54 2.46481e-015
19 55 -2.46481e-015
19 56 5.10717e-012
19 57 -5.10717e-012
19 58 -7.44638e-012
19 59 7.44638e-012
19 60 -1.87427e-011
19 61 -2.25821e-006
19 62 1.92897e-011
19 63 1.95631e-005
19 64 5.36621e-012
19 65 -0.000151957
19 66 -3.13571e-011
19 67 8.21804e-012
19 68 -1.08034e-011
19 69 -8.33056e-012
19 70 2.45183e-011
19 71 1.62166e-012
19 72 -2.77321e-011
19 73 9.02394e-013
19 74 1.3841e-011
19 75 4.60298e-012
19 76 1.15234e-011
19 77 3.73221e-014
20 0 7.23877e-011
20 1 1.22075e-010
20 2 1.12746e-010
20 3 -0.00137464
20 4 0.00549857
20 5 0.00274929
20 6 -0.000709863
20 7 0.000709863
20 8 -0.00709863
20 9 0.00709863
20 10 0.00354931
20 11 -0.00354931
20 12 0.00532397
20 13 2.99268e-012
20 14 -0.00305426
20 15 -0.00152713
20 16 -0.00294727
20 17 0.00183255
20 18 1.89798e-011
20 19 -1.89798e-011
20 20 0.00865801
20 21 -0.00865801
20 22 -0.004329
20 23 0.004329
20 24 -0.00771477
20 25 0.000941469
20 26 -2.20995e-012
20 27 1.37453e-013
20 28 -0.00184073
20 29 -0.000920364
20 30 0.00778126
20 31 -0.00394011
20 32 -7.7348e-012
20 33 4.47218e-011
20 34 -1.2051e-011
20 35 1.2051e-011
20 36 -0.00280152
20 37 0.00280152
20 38 0.00140076
20 39 -0.00140076
20 40 0.000567254
20 41 0.000848458
20 42 1.36339e-011
20 43 3.9335e-011
20 44 1.79833e-011
20 45 1.36178e-012
20 46 0.00120372
20 47 0.000601862
20 48 -0.00305852
20 49 0.00157764
20 50 9.59028e-012
20 51 4.85082e-011
20 52 5.87421e-011
20 53 -2.06842e-011
20 54 1.01034e-011
20 55 -1.01034e-011
20 56 -2.52291e-011
20 57 2.52291e-011
20 58 1.31283e-011
20 59 -1.31283e-011
20 60 0.000945468
20 61 -0.000663913
20 62 -1.44555e-011
20 63 -8.93258e-012
20 64 6.24916e-011
20 65 2.75856e-011
20 66 1.35511e-012
20 67 -1.20489e-012
20 68 7.30942e-012
20 69 -1.65867e-012
20 70 -2.14867e-011
20 71 3.31765e-011
20 72 -9.35815e-012
20 73 -5.19651e-011
20 74 5.66784e-012
20 75 2.48217e-011
20 76 -1.15152e-011
20 77 2.58255e-011
21 0 -7.23877e-011
21 1 -1.22075e-010
21 2 -1.12746e-010
21 3 0.00137464
21 4 -0.00549857
21 5 -0.00274929
21 6 0.000709863
21 7 -0.000709863
21 8 0.00709863
21 9 -0.00709863
21 10 -0.00354931
21 11 0.00354931
21 12 -0.00532397
21 13 -2.99268e-012
21 14 0.00305426
21 15 0.00152713
21 16 0.00294727
21 17 -0.00183255
21 18 -1.89798e-011
21 19 1.89798e-011
21 20 -0.00865801
21 21 0.00865801
21 22 0.004329
21 23 -0.004329
21 24 0.00771477
21 25 -0.000941469
21 26 2.20995e-012
21 27 -1.37453e-013
21 28 0.00184073
21 29 0.000920364
21 30 -0.00778126
21 31 0.00394011
21 32 7.7348e-012
21 33 -4.47218e-011
21 34 1.2051e-011
21 35 -1.2051e-011
21 36 0.00280152
21 37 -0.00280152
21 38 -0.00140076
21 39 0.00140076
21 40 -0.000567254
21 41 -0.000848458
21 42 -1.36339e-011
21 43 -3.9335e-011
21 44 -1.79833e-011
21 45 -1.36178e-012
21 46 -0.00120372
21 47 -0.000601862
21 48 0.00305852
21 49 -0.00157764
21 50 -9.59028e-012
21 51 -4.85082e-011
21 52 -5.87421e-011
21 53 2.06842e-011
21 54 -1.01034e-011
21 55 1.01034e-011
21 56 2.52291e-011
21 57 -2.52291e-011
21 58 -1.31283e-011
21 59 1.31283e-011
21 60 -0.000945468
21 61 0.000663913
21 62 1.44555e-011
21 63 8.93258e-012
21 64 -6.24916e-011
21 65 -2.75856e-011
21 66 -1.35511e-012
21 67 1.20489e-012
21 68 -7.30942e-012
21 69 1.65867e-012
21 70 2.14867e-011
21 71 -3.31765e-011
21 72 9.35815e-012
21 73 5.19651e-011
21 74 -5.66784e-012
21 75 -2.48217e-011
21 76 1.15152e-011
21 77 -2.58255e-011
22 0 -1.29931e-010
22 1 -7.23877e-011
22 2 -1.60357e-010
22 3 0.00137464
22 4 -0.00274929
22 5 -0.00549857
22 6 -0.000709863
22 7 0.000709863
22 8 0.00354931
22 9 -0.00354931
22 10 -0.00709863
22 11 0.00709863
22 12 -0.00532397
22 13 1.1737e-011
22 14 0.00152713
22 15 0.00305426
22 16 0.00294727
22 17 0.00183256
22 18 -1.65208e-011
22 19 1.65208e-011
22 20 -0.004329
22 21 0.004329
22 22 0.00865801
22 23 -0.00865801
22 24 0.00771477
22 25 0.000941469
22 26 3.52282e-011
22 27 -3.99434e-012
22 28 0.000920364
22 29 0.00184073
22 30 -0.00778126
22 31 -0.00394011
22 32 3.68047e-011
22 33 -2.82883e-011
22 34 1.30753e-011
22 35 -1.30753e-011
22 36 0.00140076
22 37 -0.00140076
22 38 -0.00280152
22 39 0.00280152
22 40 -0.000567254
22 41 0.000848458
22 42 2.89232e-012
22 43 -3.53807e-012
22 44 -1.59302e-011
22 45 1.28209e-012
22 46 -0.000601862
22 47 -0.00120372
22 48 0.00305852
22 49 0.00157764
22 50 -3.45042e-011
22 51 -1.8321e-011
22 52 -2.57619e-011
22 53 3.07957e-011
22 54 -1.03772e-011
22 55 1.03772e-011
22 56 1.31283e-011
22 57 -1.31283e-011
22 58 -2.85566e-011
22 59 2.85566e-011
22 60 -0.000945468
22 61 -0.000663913
22 62 -4.2107e-012
22 63 1.20739e-012
22 64 -2.85532e-011
22 65 8.42725e-013
22 66 7.73541e-013
22 67 -9.03641e-013
22 68 1.65867e-012
22 69 2.86163e-012
22 70 1.49943e-011
22 71 1.40958e-011
22 72 3.45506e-011
22 73 2.35883e-011
22 74 2.94125e-013
22 75 1.19952e-011
22 76 -1.14655e-011
22 77 -2.99701e-011
23 0 1.29931e-010
23 1 7.23877e-011
23 2 1.60357e-010
23 3 -0.00137464
23 4 0.00274929
23 5 0.00549857
23 6 0.000709863
23 7 -0.000709863
23 8 -0.00354931
23 9 0.00354931
23 10 0.00709863
23 11 -0.00709863
23 12 0.00532397
23 13 -1.1737e-011
23 14 -0.00152713
23 15 -0.00305426
23 16 -0.00294727
23 17 -0.00183256
23 18 1.65208e-011
23 19 -1.65208e-011
23 20 0.004329
23 21 -0.004329
23 22 -0.00865801
23 23 0.00865801
23 24 -0.00771477
23 25 -0.000941469
23 26 -3.52282e-011
23 27 3.99434e-012
23 28 -0.000920364
23 29 -0.00184073
23 30 0.00778126
23 31 0.00394011
23 32 -3.68047e-011
23 33 2.82883e-011
23 34 -1.30753e-011
23 35 1.30753e-011
23 36 -0.00140076
23 37 0.00140076
23 38 0.00280152
23 39 -0.00280152
23 40 0.000567254
23 41 -0.000848458
23 42 -2.89232e-012
23 43 3.53807e-012
23 44 1.59302e-011
23 45 -1.28209e-012
23 46 0.000601862
23 47 0.00120372
23 48 -0.00305852
23 49 -0.00157764
23 50 3.45042e-011
23 51 1.8321e-011
23 52 2.57619e-011
23 53 -3.07957e-011
23 54 1.03772e-011
23 55 -1.03772e-011
23 56 -1.31283e-011
23 57 1.31283e-011
23 58 2.85566e-011
23 59 -2.85566e-011
23 60 0.000945468
23 61 0.000663913
23 62 4.2107e-012
23 63 -1.20739e-012
23 64 2.85532e-011
23 65 -8.42725e-013
23 66 -7.73541e-013
23 67 9.03641e-013
23 68 -1.65867e-012
23 69 -2.86163e-012
23 70 -1.49943e-011
23 71 -1.40958e-011
23 72 -3.45506e-011
23 73 -2.35883e-011
23 74 -2.94125e-013
23 75 -1.19952e-011
23 76 1.14655e-011
23 77 2.99701e-011
24 0 -0.00857241
24 1 -0.00857241
24 2 0.0171448
24 3 0.0139987
24 4 -0.0139987
24 5 -0.0139987
24 6 9.25742e-011
24 7 -9.25742e-011
24 8 -7.37421e-011
24 9 7.37421e-011
24 10 4.3129e-011
24 11 -4.3129e-011
24 12 -0.0108433
24 13 -0.00194394
24 14 0.0126356
24 15 0.0126356
24 16 -0.0111479
24 17 1.37409e-010
24 18 -5.98807e-011
24 19 5.98807e-011
24 20 -0.00771477
24 21 0.00771477
24 22 0.00771477
24 23 -0.00771477
24 24 0.0224467
24 25 5.04641e-011
24 26 2.2658e-011
24 27 -5.4718e-012
24 28 -0.00187451
24 29 -0.00187451
24 30 -0.00725945
24 31 -2.94084e-013
24 32 0.00431618
24 33 -1.19728e-010
24 34 4.22231e-011
24 35 -4.22231e-011
24 36 0.0030567
24 37 -0.0030567
24 38 -0.0030567
24 39 0.0030567
24 40 -0.00577663
24 41 -9.07348e-011
24 42 -0.00106918
24 43 -6.26264e-011
24 44 -4.45194e-011
24 45 1.44989e-013
24 46 -0.000766133
24 47 -0.000766133
24 48 0.00470375
24 49 1.69507e-011
24 50 -0.00187112
24 51 -1.05649e-010
24 52 -1.09298e-010
24 53 8.05805e-011
24 54 -3.50077e-011
24 55 3.50077e-011
24 56 5.44006e-011
24 57 -5.44006e-011
24 58 -3.93816e-011
24 59 3.93816e-011
24 60 -0.000962818
24 61 8.30711e-011
24 62 0.000699889
24 63 1.44862e-011
24 64 -1.13811e-010
24 65 -6.8778e-011
24 66 2.57757e-012
24 67 4.15314e-013
24 68 -1.62012e-011
24 69 -1.65636e-011
24 70 5.62262e-011
24 71 -4.92231e-011
24 72 3.99415e-011
24 73 1.20881e-010
24 74 2.81555e-013
24 75 -5.89059e-011
24 76 1.2866e-011
24 77 -9.57099e-011
25 0 -0.00732291
25 1 0.00732291
25 2 1.26866e-010
25 3 -1.93756e-010
25 4 0.00597913
25 5 -0.00597913
25 6 -0.00926283
25 7 0.00926283
25 8 0.00463142
25 9 -0.00463142
25 10 0.00463142
25 11 -0.00463142
25 12 -1.86933e-010
25 13 4.15895e-011
25 14 -0.00581209
25 15 0.00581209
25 16 1.55085e-011
25 17 -0.00199272
25 18 0.00188294
25 19 -0.00188294
25 20 0.000941469
25 21 -0.000941469
25 22 0.000941469
25 23 -0.000941469
25 24 5.04641e-011
25 25 0.014742
25 26 6.67939e-011
25 27 -1.26281e-011
25 28 0.00136109
25 29 -0.00136109
25 30 4.40592e-011
25 31 -0.00308482
25 32 2.40561e-011
25 33 0.00209895
25 34 1.58989e-012
25 35 -1.58989e-012
25 36 -0.00078335
25 37 0.00078335
25 38 -0.00078335
25 39 0.00078335
25 40 -7.56448e-011
25 41 -0.00432309
25 42 3.35436e-011
25 43 -0.00297655
25 44 1.52255e-011
25 45 9.74428e-012
25 46 0.000130893
25 47 -0.000130893
25 48 -1.37553e-011
25 49 0.00252076
25 50 -3.56454e-011
25 51 -0.00188437
25 52 1.37195e-010
25 53 1.44545e-011
25 54 -8.45534e-013
25 55 8.45534e-013
25 56 -3.50835e-011
25 57 3.50835e-011
25 58 -4.88036e-012
25 59 4.88036e-012
25 60 7.27191e-011
25 61 -0.000412536
25 62 -3.49255e-011
25 63 0.000655203
25 64 1.45209e-010
25 65 3.47096e-011
25 66 1.31929e-011
25 67 -7.46646e-012
25 68 3.28256e-011
25 69 -3.29481e-011
25 70 -2.59555e-011
25 71 1.10296e-010
25 72 4.80535e-011
25 73 -9.88438e-011
25 74 2.78237e-011
25 75 2.7793e-011
25 76 -6.012e-011
25 77 -1.27931e-011
26 0 4.06986e-011
26 1 -7.49948e-011
26 2 -8.60606e-011
26 3 -0.0128586
26 4 1.35772e-010
26 5 -5.57864e-011
26 6 -3.50365e-011
26 7 3.50365e-011
26 8 1.60526e-011
26 9 -1.60526e-011
26 10 -2.37447e-011
26 11 2.37447e-011
26 12 -0.00996024
26 13 0.00857099
26 14 -6.60314e-011
26 15 2.36942e-011
26 16 0.00551383
26 17 5.59734e-012
26 18 4.34088e-011
26 19 -4.34088e-011
26 20 -2.20995e-012
26 21 2.20995e-012
26 22 3.52282e-011
26 23 -3.52282e-011
26 24 2.2658e-011
26 25 6.67939e-011
26 26 0.0151515
26 27 -0.00172184
26 28 3.96527e-011
26 29 -3.38143e-013
26 30 -0.00140878
26 31 -3.67842e-011
26 32 0.000881036
26 33 8.41096e-011
26 34 -3.20761e-011
26 35 3.20761e-011
26 36 4.85546e-012
26 37 -4.85546e-012
26 38 -2.86391e-011
26 39 2.86391e-011
26 40 0.000758025
26 41 -1.78521e-011
26 42 -0.00303049
26 43 3.77998e-011
26 44 -0.00460839
26 45 -3.05373e-013
26 46 -3.28871e-011
26 47 -8.42556e-012
26 48 -0.000183503
26 49 1.41456e-011
26 50 0.00104165
26 51 7.10382e-011
26 52 -0.00186874
26 53 -7.04055e-011
26 54 2.58316e-011
26 55 -2.58316e-011
26 56 -5.74476e-012
26 57 5.74476e-012
26 58 2.25072e-011
26 59 -2.25072e-011
26 60 1.80491e-005
26 61 6.12727e-012
26 62 -0.000122455
26 63 -8.44867e-012
26 64 0.000395909
26 65 1.52941e-011
26 66 -4.35459e-012
26 67 -1.93587e-013
26 68 3.39672e-011
26 69 1.0422e-011
26 70 -3.17412e-011
26 71 1.04549e-011
26 72 5.98802e-013
26 73 -8.24857e-011
26 74 -7.30662e-012
26 75 -1.31547e-011
26 76 -1.79378e-011
26 77 7.20232e-011
27 0 1.30706e-011
27 1 -3.48614e-011
27 2 -1.63442e-011
27 3 4.94356e-012
27 4 2.11154e-011
27 5 1.82704e-012
27 6 2.66827e-011
27 7 -2.66827e-011
27 8 -7.19562e-012
27 9 7.19562e-012
27 10 -2.95005e-012
27 11 2.95005e-012
27 12 8.32187e-012
27 13 -0.00211038
27 14 -2.20266e-012
27 15 -5.78449e-012
27 16 1.21922e-012
27 17 2.13821e-011
27 18 -2.09765e-011
27 19 2.09765e-011
27 20 1.37453e-013
27 21 -1.37453e-013
27 22 -3.99434e-012
27 23 3.99434e-012
27 24 -5.4718e-012
27 25 -1.26281e-011
27 26 -0.00172184
27 27 0.002442
27 28 4.33621e-012
27 29 -1.78146e-013
27 30 4.95077e-015
27 31 1.15876e-011
27 32 0.000929708
27 33 -2.80109e-011
27 34 1.72392e-011
27 35 -1.72392e-011
27 36 -2.35286e-012
27 37 2.35286e-012
27 38 1.569e-012
27 39 -1.569e-012
27 40 3.90571e-012
27 41 -9.64074e-012
27 42 -0.000331635
27 43 1.75069e-011
27 44 0.00305006
27 45 -0.000748557
27 46 -2.94994e-012
27 47 7.68049e-013
27 48 -7.7739e-013
27 49 -1.61903e-012
27 50 7.6944e-005
27 51 -8.20675e-012
27 52 -0.000773016
27 53 3.56084e-011
27 54 -1.43218e-011
27 55 1.43218e-011
27 56 3.85001e-012
27 57 -3.85001e-012
27 58 2.11922e-013
27 59 -2.11922e-013
27 60 -2.89281e-012
27 61 1.20587e-011
27 62 -1.06417e-005
27 63 -5.58023e-012
27 64 0.000115602
27 65 -1.71909e-011
27 66 -0.001242
27 67 1.18322e-014
27 68 -3.18443e-013
27 69 1.21487e-012
27 70 1.25169e-012
27 71 -1.16015e-011
27 72 6.71287e-007
27 73 1.56466e-011
27 74 -7.79654e-006
27 75 -6.9867e-012
27 76 8.73344e-005
27 77 -4.27262e-011
28 0 1.5198e-011
28 1 -1.5143e-010
28 2 -1.59219e-010
28 3 -1.57792e-011
28 4 1.86694e-010
28 5 -6.09038e-012
28 6 7.13439e-005
28 7 -7.13439e-005
28 8 0.00285376
28 9 -0.00285376
28 10 -0.00142688
28 11 0.00142688
28 12 -0.00107016
28 13 5.59741e-012
