0 0 0
0 1 0
0 2 0
0 3 0
0 4 0
0 5 0
0 6 0
0 7 0
0 8 0
0 9 0
0 10 0
0 11 0
0 12 0
0 13 0
0 14 0
0 15 0
0 16 0
0 17 0
0 18 0
0 19 0
0 20 0
0 21 0
0 22 0
0 23 0
0 24 0
0 25 0
0 26 0
0 27 0
0 28 0
0 29 0
0 30 0
0 31 0
0 32 0
0 33 0
0 34 0
0 35 0
0 36 0
0 37 0
0 38 0
0 39 0
0 40 0
0 41 0
0 42 0
0 43 0
0 44 0
0 45 0
0 46 0
0 47 0
0 48 0
0 49 0
0 50 0
0 51 0
0 52 0
0 53 0
0 54 0
0 55 0
0 56 0
0 57 0
0 58 0
0 59 0
0 60 0
0 61 0
0 62 0
0 63 0
0 64 0
0 65 0
0 66 0
1 0 0
1 1 0.5
1 2 0
1 3 -0.5
1 4 -0.408248
1 5 0.408248
1 6 -8.40552e-010
1 7 -6.5852e-010
1 8 4.26628e-010
1 9 2.31892e-010
1 10 -1.08515e-009
1 11 -1.52291e-010
1 12 3.78846e-010
1 13 8.53435e-010
1 14 -1.36034e-009
1 15 -1.36848e-009
1 16 4.41889e-011
1 17 -7.05349e-010
1 18 -6.44586e-011
1 19 1.01898e-009
1 20 -2.4804e-009
1 21 -1.8018e-009
1 22 -3.12615e-010
1 23 -6.84377e-010
1 24 -1.10351e-009
1 25 1.63831e-009
1 26 -2.32884e-010
1 27 -3.36134e-009
1 28 -1.67093e-009
1 29 -2.14319e-010
1 30 1.16671e-009
1 31 -1.4126e-010
1 32 -1.57404e-009
1 33 2.58213e-009
1 34 -7.11567e-011
1 35 -1.22477e-009
1 36 -1.99525e-011
1 37 4.70534e-010
1 38 6.06714e-010
1 39 1.55592e-009
1 40 -1.50675e-009
1 41 -5.42819e-010
1 42 3.44202e-009
1 43 2.94196e-009
1 44 2.85357e-009
1 45 1.86178e-009
1 46 4.10069e-010
1 47 -1.35176e-009
1 48 8.00308e-010
1 49 2.20087e-009
1 50 -9.37684e-010
1 51 8.15973e-010
1 52 2.43897e-009
1 53 5.16557e-009
1 54 5.22187e-009
1 55 2.00103e-009
1 56 -4.19045e-010
1 57 -7.10195e-010
1 58 -1.59421e-009
1 59 1.14202e-009
1 60 -5.71091e-010
1 61 -3.72742e-009
1 62 8.73964e-011
1 63 3.93946e-009
1 64 5.74823e-009
1 65 3.24687e-009
1 66 1.05088e-010
2 0 0
2 1 0
2 2 0
2 3 0
2 4 0
2 5 0
2 6 0
2 7 0
2 8 0
2 9 0
2 10 0
2 11 0
2 12 0
2 13 0
2 14 0
2 15 0
2 16 0
2 17 0
2 18 0
2 19 0
2 20 0
2 21 0
2 22 0
2 23 0
2 24 0
2 25 0
2 26 0
2 27 0
2 28 0
2 29 0
2 30 0
2 31 0
2 32 0
2 33 0
2 34 0
2 35 0
2 36 0
2 37 0
2 38 0
2 39 0
2 40 0
2 41 0
2 42 0
2 43 0
2 44 0
2 45 0
2 46 0
2 47 0
2 48 0
2 49 0
2 50 0
2 51 0
2 52 0
2 53 0
2 54 0
2 55 0
2 56 0
2 57 0
2 58 0
2 59 0
2 60 0
2 61 0
2 62 0
2 63 0
2 64 0
2 65 0
2 66 0
3 0 0
3 1 -0.5
3 2 0
3 3 0.5
3 4 0.408248
3 5 -0.408248
3 6 8.40552e-010
3 7 6.5852e-010
3 8 -4.26628e-010
3 9 -2.31892e-010
3 10 1.08515e-009
3 11 1.52291e-010
3 12 -3.78846e-010
3 13 -8.53435e-010
3 14 1.36034e-009
3 15 1.36848e-009
3 16 -4.41889e-011
3 17 7.05349e-010
3 18 6.44586e-011
3 19 -1.01898e-009
3 20 2.4804e-009
3 21 1.8018e-009
3 22 3.12615e-010
3 23 6.84377e-010
3 24 1.10351e-009
3 25 -1.63831e-009
3 26 2.32884e-010
3 27 3.36134e-009
3 28 1.67093e-009
3 29 2.14319e-010
3 30 -1.16671e-009
3 31 1.4126e-010
3 32 1.57404e-009
3 33 -2.58213e-009
3 34 7.11567e-011
3 35 1.22477e-009
3 36 1.99525e-011
3 37 -4.70534e-010
3 38 -6.06714e-010
3 39 -1.55592e-009
3 40 1.50675e-009
3 41 5.42819e-010
3 42 -3.44202e-009
3 43 -2.94196e-009
3 44 -2.85357e-009
3 45 -1.86178e-009
3 46 -4.10069e-010
3 47 1.35176e-009
3 48 -8.00308e-010
3 49 -2.20087e-009
3 50 9.37684e-010
3 51 -8.15973e-010
3 52 -2.43897e-009
3 53 -5.16557e-009
3 54 -5.22187e-009
3 55 -2.00103e-009
3 56 4.19045e-010
3 57 7.10195e-010
3 58 1.59421e-009
3 59 -1.14202e-009
3 60 5.71091e-010
3 61 3.72742e-009
3 62 -8.73964e-011
3 63 -3.93946e-009
3 64 -5.74823e-009
3 65 -3.24687e-009
3 66 -1.05088e-010
4 0 0
4 1 -0.408248
4 2 0
4 3 0.408248
4 4 0.5
4 5 -0.5
4 6 6.86308e-010
4 7 0.129099
4 8 0.129099
4 9 -3.33518e-010
4 10 1.12263e-009
4 11 1.05346e-010
4 12 -3.0692e-010
4 13 -5.24616e-010
4 14 1.6321e-009
4 15 1.67523e-009
4 16 -1.21973e-011
4 17 8.14054e-010
4 18 2.80257e-010
4 19 -9.48644e-010
4 20 3.15692e-009
4 21 2.15813e-009
4 22 4.15576e-010
4 23 6.61719e-010
4 24 6.65624e-010
4 25 -1.91827e-009
4 26 -1.4138e-010
4 27 3.37595e-009
4 28 1.74922e-009
4 29 1.80346e-010
4 30 -1.45619e-009
4 31 -1.02504e-010
4 32 1.68122e-009
4 33 -3.61799e-009
4 34 -6.60478e-010
4 35 9.98617e-010
4 36 -1.21711e-010
4 37 -5.9329e-010
4 38 -2.9322e-010
4 39 -7.68963e-010
4 40 1.15577e-009
4 41 1.11814e-009
4 42 -3.07043e-009
4 43 -3.20267e-009
4 44 -3.36417e-009
4 45 -2.19653e-009
4 46 -3.99479e-010
4 47 1.38192e-009
4 48 -1.15388e-010
4 49 -1.45912e-009
4 50 2.15248e-009
4 51 -3.65201e-010
4 52 -2.30372e-009
4 53 -5.50233e-009
4 54 -5.87071e-009
4 55 -2.24241e-009
4 56 5.18994e-010
4 57 4.75582e-010
4 58 8.16395e-010
4 59 -1.29351e-009
4 60 -6.72542e-011
4 61 3.70991e-009
4 62 -1.36921e-010
4 63 -4.75524e-009
4 64 -6.81129e-009
4 65 -3.49648e-009
4 66 1.10452e-010
5 0 0
5 1 0.408248
5 2 0
5 3 -0.408248
5 4 -0.5
5 5 0.5
5 6 -6.86308e-010
5 7 -0.129099
5 8 -0.129099
5 9 3.33518e-010
5 10 -1.12263e-009
5 11 -1.05346e-010
5 12 3.0692e-010
5 13 5.24616e-010
5 14 -1.6321e-009
5 15 -1.67523e-009
5 16 1.21973e-011
5 17 -8.14054e-010
5 18 -2.80257e-010
5 19 9.48644e-010
5 20 -3.15692e-009
5 21 -2.15813e-009
5 22 -4.15576e-010
5 23 -6.61719e-010
5 24 -6.65624e-010
5 25 1.91827e-009
5 26 1.4138e-010
5 27 -3.37595e-009
5 28 -1.74922e-009
5 29 -1.80346e-010
5 30 1.45619e-009
5 31 1.02504e-010
5 32 -1.68122e-009
5 33 3.61799e-009
5 34 6.60478e-010
5 35 -9.98617e-010
5 36 1.21711e-010
5 37 5.9329e-010
5 38 2.9322e-010
5 39 7.68963e-010
5 40 -1.15577e-009
5 41 -1.11814e-009
5 42 3.07043e-009
5 43 3.20267e-009
5 44 3.36417e-009
5 45 2.19653e-009
5 46 3.99479e-010
5 47 -1.38192e-009
5 48 1.15388e-010
5 49 1.45912e-009
5 50 -2.15248e-009
5 51 3.65201e-010
5 52 2.30372e-009
5 53 5.50233e-009
5 54 5.87071e-009
5 55 2.24241e-009
5 56 -5.18994e-010
5 57 -4.75582e-010
5 58 -8.16395e-010
5 59 1.29351e-009
5 60 6.72542e-011
5 61 -3.70991e-009
5 62 1.36921e-010
5 63 4.75524e-009
5 64 6.81129e-009
5 65 3.49648e-009
5 66 -1.10452e-010
6 0 0
6 1 -8.40552e-010
6 2 0
6 3 8.40552e-010
6 4 6.86308e-010
6 5 -6.86308e-010
6 6 0.5
6 7 0.129099
6 8 -0.258199
6 9 0.129099
6 10 0.387298
6 11 5.77623e-010
6 12 1.15651e-010
6 13 -3.97942e-010
6 14 -0.112306
6 15 2.28742e-009
6 16 4.44256e-010
6 17 1.09795e-009
6 18 -1.15422e-010
6 19 -1.19379e-009
6 20 2.38594e-009
6 21 2.27404e-009
6 22 -2.98248e-010
6 23 4.52611e-011
6 24 4.63446e-010
6 25 -1.02825e-009
6 26 -7.1356e-010
6 27 2.06124e-009
6 28 1.05532e-010
6 29 -4.79624e-010
6 30 -1.30016e-009
6 31 5.11625e-010
6 32 1.56554e-009
6 33 -1.91361e-009
6 34 -9.35642e-010
6 35 -3.28076e-010
6 36 -1.37163e-009
6 37 2.07323e-010
6 38 -3.71421e-011
6 39 9.82446e-012
6 40 2.65803e-010
6 41 -5.17255e-010
6 42 -2.457e-009
6 43 -1.32899e-009
6 44 -2.60487e-009
6 45 -9.15162e-010
6 46 3.70934e-010
6 47 1.46344e-009
6 48 -2.06686e-010
6 49 -1.05508e-009
6 50 3.23837e-009
6 51 1.78862e-010
6 52 -3.77423e-009
6 53 -4.75418e-009
6 54 -3.23993e-009
6 55 -3.70666e-011
6 56 -3.02923e-010
6 57 7.50637e-012
6 58 1.02514e-010
6 59 -5.25015e-010
6 60 -5.51691e-010
6 61 3.44873e-009
6 62 1.83629e-009
6 63 -4.02945e-009
6 64 -8.18261e-009
6 65 -3.27756e-009
6 66 -3.48575e-010
7 0 0
7 1 -6.5852e-010
7 2 0
7 3 6.5852e-010
7 4 0.129099
7 5 -0.129099
7 6 0.129099
7 7 0.222222
7 8 0.0555556
7 9 0.0555556
7 10 0.166667
7 11 0.0845154
7 12 -0.0093906
7 13 0.0093906
7 14 -0.0828493
7 15 0.0563436
7 16 2.86297e-010
7 17 7.30587e-010
7 18 7.12722e-011
7 19 0.0135542
7 20 -0.0115785
7 21 1.07431e-009
7 22 -1.86365e-010
7 23 -1.62037e-010
7 24 2.1625e-010
7 25 -4.89846e-010
7 26 -9.32856e-010
7 27 5.28853e-010
7 28 -2.60746e-010
7 29 -3.53275e-010
7 30 -8.74679e-010
7 31 2.35711e-010
7 32 1.04297e-009
7 33 -8.06706e-010
7 34 -8.65416e-010
7 35 -7.39017e-010
7 36 -9.91184e-010
7 37 1.48245e-010
7 38 3.25438e-010
7 39 2.73762e-010
7 40 -3.46583e-010
7 41 1.79689e-010
7 42 -6.37782e-010
7 43 -6.53706e-010
7 44 -1.55764e-009
7 45 -4.36949e-010
7 46 3.04634e-010
7 47 7.93345e-010
7 48 1.6554e-010
7 49 -2.03464e-010
7 50 1.78462e-009
7 51 2.67029e-010
7 52 -1.7892e-009
7 53 -2.33695e-009
7 54 -1.3542e-009
7 55 2.93428e-010
7 56 -2.01085e-010
7 57 -3.27938e-010
7 58 -1.68897e-010
7 59 -9.88708e-011
7 60 -9.7689e-010
7 61 1.48907e-009
7 62 1.31392e-009
7 63 -2.07121e-009
7 64 -4.20362e-009
7 65 -1.26406e-009
7 66 -5.7209e-011
8 0 0
8 1 4.26628e-010
8 2 0
8 3 -4.26628e-010
8 4 0.129099
8 5 -0.129099
8 6 -0.258199
8 7 0.0555556
8 8 0.388889
8 9 -0.111111
8 10 -0.333333
8 11 -8.58318e-010
8 12 -0.15025
8 13 -0.0187812
8 14 0.165699
8 15 -0.112687
8 16 -3.7633e-010
8 17 -1.39568e-009
8 18 -6.63185e-011
8 19 -0.0271083
8 20 0.0231571
8 21 -2.49004e-009
8 22 4.59812e-010
8 23 2.27801e-011
8 24 -6.75277e-010
8 25 1.20237e-009
8 26 9.70365e-010
8 27 -2.79526e-009
8 28 -2.19515e-010
8 29 4.14355e-010
8 30 1.32873e-009
8 31 -7.40739e-011
8 32 -1.28747e-009
8 33 2.41821e-009
8 34 4.12376e-010
8 35 -5.62071e-011
8 36 1.40614e-009
8 37 -3.10682e-010
8 38 4.51689e-010
8 39 7.3485e-010
8 40 -1.58931e-009
8 41 2.4752e-010
8 42 3.89606e-009
8 43 1.93013e-009
8 44 3.17476e-009
8 45 1.09492e-009
8 46 -2.76412e-010
8 47 -1.96847e-009
8 48 2.6111e-010
8 49 2.15096e-009
8 50 -3.71686e-009
8 51 -4.31285e-010
8 52 4.89191e-009
8 53 6.86351e-009
8 54 4.67847e-009
8 55 3.49176e-010
8 56 4.03887e-010
8 57 -2.57888e-010
8 58 -7.8074e-010
8 59 9.82208e-010
8 60 9.56215e-010
8 61 -4.12346e-009
8 62 -2.17744e-009
8 63 4.92971e-009
8 64 1.03852e-008
8 65 4.5299e-009
8 66 7.55256e-010
9 0 0
9 1 2.31892e-010
9 2 0
9 3 -2.31892e-010
9 4 -3.33518e-010
9 5 3.33518e-010
9 6 0.129099
9 7 0.0555556
9 8 -0.111111
9 9 0.388889
9 10 0.166667
9 11 2.26246e-010
9 12 0.187812
9 13 0.15025
9 14 -0.393534
9 15 -0.112687
9 16 4.06229e-010
9 17 -6.36536e-011
9 18 -8.25542e-012
9 19 0.135542
9 20 0.0231571
9 21 1.10921e-009
9 22 -1.56906e-010
9 23 6.52481e-010
9 24 1.30572e-009
9 25 -1.05213e-009
9 26 4.84264e-010
9 27 1.61293e-009
9 28 5.25814e-010
9 29 -3.33701e-010
9 30 -1.69977e-010
9 31 7.04455e-010
9 32 1.19807e-009
9 33 6.04726e-010
9 34 7.56621e-010
9 35 8.58804e-010
9 36 -4.66613e-010
9 37 1.93208e-010
9 38 -7.24972e-010
9 39 -1.23087e-009
9 40 5.08918e-010
9 41 -1.63985e-009
9 42 -1.46327e-009
9 43 2.66547e-010
9 44 -3.53706e-010
9 45 -2.23507e-010
9 46 2.8434e-010
9 47 3.74799e-010
9 48 -9.40569e-010
9 49 -1.20782e-009
9 50 -1.25064e-010
9 51 -1.83287e-009
9 52 -2.64601e-009
9 53 -1.30597e-009
9 54 -7.11511e-010
9 55 3.74758e-010
9 56 -2.39306e-010
9 57 8.06349e-010
9 58 1.47588e-009
9 59 -6.69711e-010
9 60 1.25538e-009
9 61 2.21532e-009
9 62 4.47234e-010
9 63 -1.73587e-009
9 64 -3.04371e-009
9 65 -1.40259e-009
9 66 -3.43335e-010
10 0 0
10 1 -1.08515e-009
10 2 0
10 3 1.08515e-009
10 4 1.12263e-009
10 5 -1.12263e-009
10 6 0.387298
10 7 0.166667
10 8 -0.333333
10 9 0.166667
10 10 0.5
10 11 0.0845154
10 12 0.140859
10 13 0.0281718
10 14 -0.248548
10 15 0.169031
10 16 6.62626e-010
10 17 2.12626e-009
10 18 1.37591e-010
10 19 0.0406625
10 20 -0.0347356
10 21 3.56435e-009
10 22 -6.46177e-010
10 23 -1.84817e-010
10 24 8.91527e-010
10 25 -1.69222e-009
10 26 -1.90322e-009
10 27 3.32411e-009
10 28 -4.12311e-011
10 29 -7.6763e-010
10 30 -2.20341e-009
10 31 3.09785e-010
10 32 2.33044e-009
10 33 -3.22491e-009
10 34 -1.27779e-009
10 35 -6.8281e-010
10 36 -2.39733e-009
10 37 4.58927e-010
10 38 -1.26251e-010
10 39 -4.61088e-010
10 40 1.24272e-009
10 41 -6.7831e-011
10 42 -4.53384e-009
10 43 -2.58383e-009
10 44 -4.7324e-009
10 45 -1.53186e-009
10 46 5.81046e-010
10 47 2.76182e-009
10 48 -9.55702e-011
10 49 -2.35443e-009
10 50 5.50149e-009
10 51 6.98314e-010
10 52 -6.6811e-009
10 53 -9.20046e-009
10 54 -6.03267e-009
10 55 -5.57476e-011
10 56 -6.04971e-010
10 57 -7.00492e-011
10 58 6.11843e-010
10 59 -1.08108e-009
10 60 -1.9331e-009
10 61 5.61253e-009
10 62 3.49135e-009
10 63 -7.00092e-009
10 64 -1.45888e-008
10 65 -5.79396e-009
10 66 -8.12465e-010
11 0 0
11 1 -1.52291e-010
11 2 0
11 3 1.52291e-010
11 4 1.05346e-010
11 5 -1.05346e-010
11 6 5.77623e-010
11 7 0.0845154
11 8 -8.58318e-010
11 9 2.26246e-010
11 10 0.0845154
11 11 0.15
11 12 4.73929e-010
11 13 -1.8161e-010
11 14 -0.0551411
11 15 0.15
11 16 0.0629941
11 17 6.04057e-010
11 18 -2.30135e-010
11 19 0.0160375
11 20 -0.0547997
11 21 0.0589256
11 22 -4.27197e-010
11 23 -6.67205e-010
11 24 -1.29846e-011
11 25 -0.00189934
11 26 0.00745356
11 27 -0.00890871
11 28 -9.67097e-010
11 29 -1.30298e-010
11 30 -7.95574e-011
11 31 -1.29673e-011
11 32 -3.26032e-010
11 33 6.56544e-010
11 34 1.05097e-010
11 35 -8.80688e-010
11 36 -5.38655e-010
11 37 4.00172e-010
11 38 1.15354e-010
11 39 -2.69741e-010
11 40 3.32353e-010
11 41 9.05185e-011
11 42 -5.50801e-010
11 43 -6.48935e-011
11 44 -2.45014e-010
11 45 5.23093e-010
11 46 1.72414e-010
11 47 5.30354e-010
11 48 -2.55765e-010
11 49 -8.01733e-010
11 50 1.8127e-010
11 51 9.53436e-010
11 52 -6.92843e-010
11 53 -1.16443e-009
11 54 3.57232e-010
11 55 7.09519e-010
11 56 -3.81991e-010
11 57 -4.03336e-010
11 58 1.66979e-010
11 59 5.08592e-010
11 60 -9.24059e-010
11 61 -7.28379e-011
11 62 1.35217e-009
11 63 4.78641e-010
11 64 -9.97379e-010
11 65 -2.07874e-010
11 66 -4.2622e-010
12 0 0
12 1 3.78846e-010
12 2 0
12 3 -3.78846e-010
12 4 -3.0692e-010
12 5 3.0692e-010
12 6 1.15651e-010
12 7 -0.0093906
12 8 -0.15025
12 9 0.187812
12 10 0.140859
12 11 4.73929e-010
12 12 0.361111
12 13 0.138889
12 14 -0.398241
12 15 0.0833333
12 16 2.73253e-010
12 17 -0.157485
12 18 0.031497
12 19 0.240563
12 20 -0.136999
12 21 1.66495e-009
12 22 -1.58658e-010
12 23 5.1955e-010
12 24 4.59159e-010
12 25 -0.0474836
12 26 0.0372678
12 27 2.30915e-009
12 28 7.77542e-010
12 29 -1.94602e-010
12 30 -3.13357e-010
12 31 -2.62162e-010
12 32 4.37078e-010
12 33 -1.65251e-009
12 34 3.43364e-010
12 35 1.16124e-009
12 36 -4.0849e-010
12 37 1.01947e-010
12 38 -8.08938e-010
12 39 -5.82966e-010
12 40 1.58394e-009
12 41 -6.86384e-010
12 42 -2.43276e-009
12 43 -5.30661e-010
12 44 -1.21355e-009
12 45 -7.30957e-010
12 46 1.00241e-010
12 47 7.31406e-010
12 48 1.04393e-010
12 49 -1.05414e-009
12 50 2.28754e-009
12 51 -5.36812e-010
12 52 -3.12472e-009
12 53 -3.48628e-009
12 54 -2.92417e-009
12 55 -4.75204e-010
12 56 -1.67058e-010
12 57 7.95379e-010
12 58 6.73158e-010
12 59 -1.3244e-009
12 60 1.79777e-010
12 61 2.43181e-009
12 62 3.56589e-010
12 63 -3.33166e-009
12 64 -6.1472e-009
12 65 -3.03987e-009
12 66 -5.00036e-010
13 0 0
13 1 8.53435e-010
13 2 0
13 3 -8.53435e-010
13 4 -5.24616e-010
13 5 5.24616e-010
13 6 -3.97942e-010
13 7 0.0093906
13 8 -0.0187812
13 9 0.15025
13 10 0.0281718
13 11 -1.8161e-010
13 12 0.138889
13 13 0.361111
13 14 -0.263452
13 15 -0.0833333
13 16 9.39156e-011
13 17 -0.157485
13 18 0.157485
13 19 0.400938
13 20 0.136999
13 21 -6.30897e-010
13 22 7.32536e-012
13 23 3.24118e-010
13 24 5.21586e-010
13 25 -0.142451
13 26 -0.0372678
13 27 -5.12541e-010
13 28 1.19932e-010
13 29 -5.85002e-011
13 30 6.17784e-010
13 31 -4.23126e-010
13 32 -2.07067e-010
13 33 1.37102e-009
13 34 9.02897e-010
13 35 5.75265e-010
13 36 2.57139e-010
13 37 7.87096e-011
13 38 -3.20827e-010
13 39 -5.92198e-010
13 40 3.2957e-010
13 41 -4.45836e-011
13 42 1.03977e-009
13 43 1.20066e-009
13 44 1.13911e-009
13 45 3.55245e-010
13 46 8.73887e-011
13 47 -6.43926e-010
13 48 3.34042e-010
13 49 2.63562e-010
13 50 -1.31817e-009
13 51 -1.20176e-009
13 52 2.56777e-010
13 53 1.64366e-009
13 54 1.31163e-009
13 55 5.27631e-010
13 56 -6.31342e-011
13 57 3.95104e-010
13 58 7.6671e-010
13 59 -5.18395e-010
13 60 -8.4998e-012
13 61 -1.03085e-009
13 62 -5.94208e-010
13 63 6.2037e-010
13 64 1.89883e-009
13 65 1.03393e-009
13 66 -8.25783e-012
14 0 0
14 1 -1.36034e-009
14 2 0
14 3 1.36034e-009
14 4 1.6321e-009
14 5 -1.6321e-009
14 6 -0.112306
14 7 -0.0828493
14 8 0.165699
14 9 -0.393534
14 10 -0.248548
14 11 -0.0551411
14 12 -0.398241
14 13 -0.263452
14 14 0.702703
14 15 0.0735215
14 16 -6.87241e-010
14 17 0.173678
14 18 -0.0578927
14 19 -0.424476
14 20 0.161158
14 21 0.108307
14 22 3.30585e-010
14 23 -1.35227e-009
14 24 -8.76925e-010
14 25 0.0837855
14 26 -0.0547997
14 27 -0.0163745
14 28 -9.68298e-010
14 29 5.16584e-010
14 30 -1.07156e-009
14 31 -6.8006e-011
14 32 1.02347e-010
14 33 -5.42963e-010
14 34 -1.80554e-009
14 35 -2.63027e-009
14 36 1.26871e-010
14 37 -4.63074e-010
14 38 1.77978e-009
14 39 7.80592e-010
14 40 -1.70448e-009
14 41 3.54231e-009
14 42 1.51629e-009
14 43 -2.62116e-009
14 44 -1.58979e-009
14 45 -3.4887e-010
14 46 -5.0792e-010
14 47 5.4806e-010
14 48 1.00968e-010
14 49 3.2107e-010
14 50 -1.29721e-009
14 51 2.6689e-009
14 52 3.77965e-009
14 53 -1.83727e-010
14 54 -1.85342e-010
14 55 -8.40747e-010
14 56 5.39024e-010
14 57 -1.90473e-009
14 58 -1.10963e-009
14 59 1.91652e-009
14 60 -2.36608e-009
14 61 -1.74364e-009
14 62 5.87765e-010
14 63 2.21016e-009
14 64 4.05699e-009
14 65 2.31588e-009
14 66 7.81061e-010
15 0 0
15 1 -1.36848e-009
15 2 0
15 3 1.36848e-009
15 4 1.67523e-009
15 5 -1.67523e-009
15 6 2.28742e-009
15 7 0.0563436
15 8 -0.112687
15 9 -0.112687
15 10 0.169031
15 11 0.15
15 12 0.0833333
15 13 -0.0833333
15 14 0.0735215
15 15 0.4
15 16 0.0755929
15 17 -0.0188982
15 18 -0.0188982
15 19 -0.096225
15 20 -0.0821995
15 21 0.176777
15 22 -5.62779e-010
15 23 -1.55395e-009
15 24 -7.01993e-011
15 25 0.0227921
15 26 -2.82683e-009
15 27 -0.0267261
15 28 -1.18744e-009
15 29 -1.01971e-010
15 30 -2.14658e-009
15 31 -3.08784e-010
15 32 8.95263e-010
15 33 -2.64267e-009
15 34 -1.59288e-009
15 35 -2.43308e-009
15 36 -1.6931e-009
15 37 2.79374e-010
15 38 8.74801e-010
15 39 -3.89746e-010
15 40 9.83242e-010
15 41 2.7347e-009
15 42 -3.38284e-009
15 43 -4.01532e-009
15 44 -4.65103e-009
15 45 -1.02609e-009
15 46 -5.22279e-012
15 47 2.83511e-009
15 48 -1.09906e-010
15 49 -2.58122e-009
15 50 3.25447e-009
15 51 3.31192e-009
15 52 -2.77689e-009
15 53 -8.37345e-009
15 54 -4.97495e-009
15 55 -5.58e-010
15 56 -3.02785e-010
15 57 -1.41475e-009
15 58 9.52459e-011
15 59 5.90896e-010
15 60 -3.7592e-009
15 61 2.71702e-009
15 62 3.61756e-009
15 63 -3.24726e-009
15 64 -8.74327e-009
15 65 -3.27466e-009
15 66 -5.77326e-010
16 0 0
16 1 4.41889e-011
16 2 0
16 3 -4.41889e-011
16 4 -1.21973e-011
16 5 1.21973e-011
16 6 4.44256e-010
16 7 2.86297e-010
16 8 -3.7633e-010
16 9 4.06229e-010
16 10 6.62626e-010
16 11 0.0629941
16 12 2.73253e-010
16 13 9.39156e-011
16 14 -6.87241e-010
16 15 0.0755929
16 16 0.114286
16 17 2.09715e-010
16 18 -2.70388e-010
16 19 -1.22561e-010
16 20 -0.0372822
16 21 0.133631
16 22 0.0502519
16 23 -4.09504e-010
16 24 -3.79713e-010
16 25 8.23381e-010
16 26 0.00921986
16 27 -0.0367328
16 28 0.0564599
16 29 3.22115e-010
16 30 1.22068e-010
16 31 -2.52817e-010
16 32 -7.37374e-010
16 33 -0.000945424
16 34 0.00409466
16 35 -0.00667222
16 36 4.19689e-010
16 37 -7.88227e-011
16 38 9.79467e-011
16 39 -1.67919e-010
16 40 3.92554e-010
16 41 7.45466e-010
16 42 -2.65721e-010
16 43 -6.78287e-010
16 44 3.26998e-011
16 45 1.21002e-010
16 46 -3.03129e-010
16 47 1.05842e-010
16 48 -1.8443e-010
16 49 -4.40825e-010
16 50 -6.58683e-010
16 51 9.86148e-010
16 52 1.13593e-009
16 53 -1.70591e-010
16 54 -1.09488e-010
16 55 -4.64543e-010
16 56 1.24217e-010
16 57 -2.60929e-010
16 58 -4.97905e-011
16 59 4.58299e-010
16 60 -2.667e-010
16 61 -7.13564e-010
16 62 -1.13067e-010
16 63 1.18145e-009
16 64 1.63087e-009
16 65 3.63635e-010
16 66 -5.66248e-011
17 0 0
17 1 -7.05349e-010
17 2 0
17 3 7.05349e-010
17 4 8.14054e-010
17 5 -8.14054e-010
17 6 1.09795e-009
17 7 7.30587e-010
17 8 -1.39568e-009
17 9 -6.36536e-011
17 10 2.12626e-009
17 11 6.04057e-010
17 12 -0.157485
17 13 -0.157485
17 14 0.173678
17 15 -0.0188982
17 16 2.09715e-010
17 17 0.35
17 18 -0.15
17 19 -0.418251
17 20 0.11806
17 21 2.2493e-009
17 22 -2.08283e-010
17 23 -0.160806
17 24 -0.0402015
17 25 0.280954
17 26 -0.155969
17 27 2.62678e-009
17 28 4.11829e-010
17 29 -2.28531e-010
17 30 -1.61151e-009
17 31 1.73319e-010
17 32 -0.0619441
17 33 0.0463258
17 34 -8.06495e-010
17 35 -2.1033e-010
17 36 -1.16643e-009
17 37 3.38074e-011
17 38 -1.05288e-010
17 39 -6.61695e-010
17 40 1.082e-009
17 41 5.199e-010
17 42 -3.50304e-009
17 43 -2.6827e-009
17 44 -3.56401e-009
17 45 -1.42765e-009
17 46 7.00967e-011
17 47 1.9738e-009
17 48 -3.44549e-010
17 49 -2.00402e-009
17 50 3.08687e-009
17 51 5.66806e-010
17 52 -3.81661e-009
17 53 -6.62689e-009
17 54 -4.97162e-009
17 55 -8.68501e-010
17 56 -1.14243e-010
17 57 -8.18263e-012
17 58 6.74345e-010
17 59 -6.89215e-010
17 60 -1.02987e-009
17 61 3.94472e-009
17 62 1.83804e-009
17 63 -4.60379e-009
17 64 -9.03408e-009
17 65 -3.93531e-009
17 66 -4.16279e-010
18 0 0
18 1 -6.44586e-011
18 2 0
18 3 6.44586e-011
18 4 2.80257e-010
18 5 -2.80257e-010
18 6 -1.15422e-010
18 7 7.12722e-011
18 8 -6.63185e-011
18 9 -8.25542e-012
18 10 1.37591e-010
18 11 -2.30135e-010
18 12 0.031497
18 13 0.157485
18 14 -0.0578927
18 15 -0.0188982
18 16 -2.70388e-010
18 17 -0.15
18 18 0.35
18 19 0.309142
18 20 0.11806
18 21 -1.00543e-009
18 22 1.14425e-010
18 23 0.140705
18 24 0.160806
18 25 -0.404299
18 26 -0.155969
18 27 -1.60772e-009
18 28 -5.07093e-010
18 29 2.00763e-010
18 30 1.95123e-010
18 31 -7.87763e-010
18 32 0.144536
18 33 0.0463258
18 34 -6.29684e-010
18 35 -7.64493e-010
18 36 3.00474e-010
18 37 -1.22751e-010
18 38 6.56432e-010
18 39 1.10296e-009
18 40 -4.83367e-010
18 41 1.56612e-009
18 42 1.70003e-009
18 43 1.0198e-010
18 44 4.22448e-010
18 45 2.39771e-010
18 46 -1.54159e-010
18 47 -4.44467e-010
18 48 1.12663e-009
18 49 1.30626e-009
18 50 1.538e-010
18 51 1.35744e-009
18 52 2.19902e-009
18 53 1.382e-009
18 54 8.72778e-010
18 55 -7.97284e-011
18 56 1.57364e-010
18 57 -6.94907e-010
18 58 -1.24028e-009
18 59 3.94358e-010
18 60 -1.43325e-009
18 61 -2.17001e-009
18 62 -3.70084e-010
18 63 1.35037e-009
18 64 2.5726e-009
18 65 1.42077e-009
18 66 3.26414e-010
19 0 0
19 1 1.01898e-009
19 2 0
19 3 -1.01898e-009
19 4 -9.48644e-010
19 5 9.48644e-010
19 6 -1.19379e-009
19 7 0.0135542
19 8 -0.0271083
19 9 0.135542
19 10 0.0406625
19 11 0.0160375
19 12 0.240563
19 13 0.400938
19 14 -0.424476
19 15 -0.096225
19 16 -1.22561e-010
19 17 -0.418251
19 18 0.309142
19 19 0.814815
19 20 0.0474579
19 21 -0.102062
19 22 1.45216e-010
19 23 0.179109
19 24 0.076761
19 25 -0.514399
19 26 0.144748
19 27 0.133262
19 28 -4.63455e-010
19 29 1.35927e-010
19 30 1.75456e-009
19 31 -4.1192e-010
19 32 0.110391
19 33 -0.0589698
19 34 -0.0291886
19 35 3.11989e-010
19 36 1.08304e-009
19 37 5.81446e-011
19 38 9.1406e-012
19 39 4.28603e-010
19 40 -8.8551e-010
19 41 -4.29513e-010
19 42 3.82461e-009
19 43 3.11879e-009
19 44 3.79333e-009
19 45 1.54232e-009
19 46 2.93945e-011
19 47 -2.09646e-009
19 48 5.91969e-010
19 49 2.04978e-009
19 50 -3.28466e-009
19 51 -9.66498e-010
19 52 3.55941e-009
19 53 6.82438e-009
19 54 5.29475e-009
19 55 1.19291e-009
19 56 2.15037e-011
19 57 1.12044e-010
19 58 -3.52444e-010
19 59 4.12624e-010
19 60 6.9918e-010
19 61 -4.21042e-009
19 62 -1.80367e-009
19 63 4.50229e-009
19 64 9.00274e-009
19 65 4.13118e-009
19 66 3.60178e-010
20 0 0
20 1 -2.4804e-009
20 2 0
20 3 2.4804e-009
20 4 3.15692e-009
20 5 -3.15692e-009
20 6 2.38594e-009
20 7 -0.0115785
20 8 0.0231571
20 9 0.0231571
20 10 -0.0347356
20 11 -0.0547997
20 12 -0.136999
20 13 0.136999
20 14 0.161158
20 15 -0.0821995
20 16 -0.0372822
20 17 0.11806
20 18 0.11806
20 19 0.0474579
20 20 0.513514
20 21 0.116248
20 22 5.92697e-011
20 23 -0.0306005
20 24 0.0306005
20 25 -0.109004
20 26 -0.210539
20 27 0.183739
20 28 0.114603
20 29 -9.70158e-012
20 30 -2.97209e-009
20 31 8.25527e-010
20 32 0.0314337
20 33 0.0215891
20 34 -0.0498682
20 35 -0.0135433
20 36 -1.63954e-009
20 37 -2.50872e-010
20 38 2.60873e-009
20 39 -5.40892e-010
20 40 -2.64323e-009
20 41 4.80536e-009
20 42 7.28465e-010
20 43 -4.61297e-009
20 44 -4.74748e-009
20 45 -1.11566e-009
20 46 -7.10444e-011
20 47 2.2594e-009
20 48 -7.68251e-010
20 49 -1.44705e-009
20 50 -1.55967e-009
20 51 2.15554e-009
20 52 1.27523e-009
20 53 -4.2394e-009
20 54 -1.92944e-009
20 55 -7.15115e-011
20 56 2.84707e-010
20 57 -2.76426e-009
20 58 5.05208e-010
20 59 2.36591e-009
20 60 -4.36098e-009
20 61 8.20797e-010
20 62 3.39329e-009
20 63 -1.70317e-010
20 64 -5.27111e-010
20 65 1.70476e-009
20 66 8.20077e-010
21 0 0
21 1 -1.8018e-009
21 2 0
21 3 1.8018e-009
21 4 2.15813e-009
21 5 -2.15813e-009
21 6 2.27404e-009
21 7 1.07431e-009
21 8 -2.49004e-009
21 9 1.10921e-009
21 10 3.56435e-009
21 11 0.0589256
21 12 1.66495e-009
21 13 -6.30897e-010
21 14 0.108307
21 15 0.176777
21 16 0.133631
21 17 2.2493e-009
21 18 -1.00543e-009
21 19 -0.102062
21 20 0.116248
21 21 0.375
21 22 0.0671519
21 23 -1.91435e-009
21 24 1.06e-010
21 25 0.0384597
21 26 -0.0934309
21 27 -0.0257703
21 28 0.176045
21 29 4.45048e-010
21 30 -1.81636e-009
21 31 5.22921e-010
21 32 -0.00551842
21 33 0.0176873
21 34 -0.00766041
21 35 -0.0208043
21 36 -5.27748e-010
21 37 -2.45345e-010
21 38 1.99119e-009
21 39 -6.01834e-010
21 40 -1.58053e-009
21 41 4.01172e-009
21 42 2.57175e-010
21 43 -3.97983e-009
21 44 -2.96119e-009
21 45 -3.87138e-010
21 46 -4.52997e-010
21 47 1.64333e-009
21 48 -1.13185e-009
21 49 -1.64966e-009
21 50 -2.46189e-009
21 51 2.88096e-009
21 52 2.74061e-009
21 53 -2.59284e-009
21 54 -8.54644e-010
21 55 -5.22706e-010
21 56 3.41505e-010
21 57 -2.34352e-009
21 58 2.47214e-010
21 59 2.62287e-009
21 60 -3.01396e-009
21 61 -5.46403e-010
21 62 2.25776e-009
21 63 2.19494e-009
21 64 2.83235e-009
21 65 2.05154e-009
21 66 4.93378e-010
22 0 0
22 1 -3.12615e-010
22 2 0
22 3 3.12615e-010
22 4 4.15576e-010
22 5 -4.15576e-010
22 6 -2.98248e-010
22 7 -1.86365e-010
22 8 4.59812e-010
22 9 -1.56906e-010
22 10 -6.46177e-010
22 11 -4.27197e-010
22 12 -1.58658e-010
22 13 7.32536e-012
22 14 3.30585e-010
22 15 -5.62779e-010
22 16 0.0502519
22 17 -2.08283e-010
22 18 1.14425e-010
22 19 1.45216e-010
22 20 5.92697e-011
22 21 0.0671519
22 22 0.0925926
22 23 3.29607e-010
22 24 2.02628e-010
22 25 -5.02253e-010
22 26 7.61985e-011
22 27 -0.025381
22 28 0.12137
22 29 0.0418121
22 30 -3.30794e-010
22 31 2.8868e-010
22 32 8.66969e-010
22 33 -1.19959e-010
22 34 0.00522325
22 35 -0.0264794
22 36 0.0533761
22 37 -3.60197e-010
22 38 3.88748e-010
22 39 2.76797e-010
22 40 -1.08519e-009
22 41 4.63796e-010
22 42 -0.000461663
22 43 0.0024652
22 44 -0.00515344
22 45 -4.82005e-010
22 46 -7.58173e-011
22 47 -2.92702e-010
22 48 9.55289e-011
22 49 7.6855e-010
22 50 -6.66797e-010
22 51 -7.2967e-010
22 52 9.88029e-010
22 53 1.10952e-009
22 54 5.45458e-011
22 55 -3.51676e-010
22 56 3.48609e-010
22 57 -1.17521e-010
22 58 -1.43377e-010
22 59 3.66789e-011
22 60 2.47138e-010
22 61 -4.1838e-011
22 62 -6.70753e-010
22 63 -1.24902e-010
22 64 1.46728e-009
22 65 8.96748e-010
22 66 5.80435e-010
23 0 0
23 1 -6.84377e-010
23 2 0
23 3 6.84377e-010
23 4 6.61719e-010
23 5 -6.61719e-010
23 6 4.52611e-011
23 7 -1.62037e-010
23 8 2.27801e-011
23 9 6.52481e-010
23 10 -1.84817e-010
23 11 -6.67205e-010
23 12 5.1955e-010
23 13 3.24118e-010
23 14 -1.35227e-009
23 15 -1.55395e-009
23 16 -4.09504e-010
23 17 -0.160806
23 18 0.140705
23 19 0.179109
23 20 -0.0306005
23 21 -1.91435e-009
23 22 3.29607e-010
23 23 0.344444
23 24 0.155556
23 25 -0.424242
23 26 0.142701
23 27 -2.59143e-009
23 28 -7.53626e-010
23 29 3.27884e-010
23 30 -0.162603
23 31 0.0464579
23 32 0.305534
23 33 -0.169404
23 34 -7.25533e-010
23 35 -1.55208e-009
23 36 5.32513e-010
23 37 -2.94393e-010
23 38 1.16259e-009
23 39 6.74012e-010
23 40 -0.0724569
23 41 0.0523243
23 42 2.80495e-009
23 43 -9.17048e-011
23 44 8.668e-010
23 45 5.2113e-010
23 46 -2.43982e-010
23 47 -6.84572e-010
23 48 -2.05811e-010
23 49 1.15846e-009
23 50 -2.82247e-009
23 51 7.65913e-010
23 52 4.02776e-009
23 53 3.67133e-009
23 54 2.81461e-009
23 55 1.49516e-010
23 56 3.72042e-010
23 57 -1.10492e-009
23 58 -8.001e-010
23 59 1.68288e-009
23 60 -3.472e-010
23 61 -2.62818e-009
23 62 -4.77583e-010
23 63 3.72184e-009
23 64 7.30157e-009
23 65 3.60947e-009
23 66 7.68419e-010
24 0 0
24 1 -1.10351e-009
24 2 0
24 3 1.10351e-009
24 4 6.65624e-010
24 5 -6.65624e-010
24 6 4.63446e-010
24 7 2.1625e-010
24 8 -6.75277e-010
24 9 1.30572e-009
24 10 8.91527e-010
24 11 -1.29846e-011
24 12 4.59159e-010
24 13 5.21586e-010
24 14 -8.76925e-010
24 15 -7.01993e-011
24 16 -3.79713e-010
24 17 -0.0402015
24 18 0.160806
24 19 0.076761
24 20 0.0306005
24 21 1.06e-010
24 22 2.02628e-010
24 23 0.155556
24 24 0.344444
24 25 -0.333333
24 26 -0.142701
24 27 6.88929e-011
24 28 -9.75958e-011
24 29 3.52432e-010
24 30 -0.130082
24 31 0.162603
24 32 0.405623
24 33 0.169404
24 34 -1.20597e-009
24 35 -7.89482e-010
24 36 2.3232e-010
24 37 -3.16124e-010
24 38 6.05255e-010
24 39 9.8629e-010
24 40 -0.144914
24 41 -0.0523243
24 42 -6.50682e-010
24 43 -1.67548e-009
24 44 -9.55609e-010
24 45 -3.68229e-010
24 46 -3.67651e-010
24 47 4.58377e-010
24 48 -4.46016e-010
24 49 5.00194e-011
24 50 7.4996e-010
24 51 1.88818e-009
24 52 1.37051e-009
24 53 -7.73306e-010
24 54 -1.07111e-009
24 55 -1.07588e-009
24 56 3.30343e-010
24 57 -6.78417e-010
24 58 -1.32234e-009
24 59 1.06099e-009
24 60 2.4629e-010
24 61 3.04726e-010
24 62 5.33237e-011
24 63 5.64803e-010
24 64 4.38369e-010
24 65 -2.94273e-010
24 66 2.5859e-010
25 0 0
25 1 1.63831e-009
25 2 0
25 3 -1.63831e-009
25 4 -1.91827e-009
25 5 1.91827e-009
25 6 -1.02825e-009
25 7 -4.89846e-010
25 8 1.20237e-009
25 9 -1.05213e-009
25 10 -1.69222e-009
25 11 -0.00189934
25 12 -0.0474836
25 13 -0.142451
25 14 0.0837855
25 15 0.0227921
25 16 8.23381e-010
25 17 0.280954
25 18 -0.404299
25 19 -0.514399
25 20 -0.109004
25 21 0.0384597
25 22 -5.02253e-010
25 23 -0.424242
25 24 -0.333333
25 25 0.876033
25 26 0.0324321
25 27 -0.145364
25 28 1.22281e-009
25 29 -6.28174e-010
25 30 0.177385
25 31 -0.0886923
25 32 -0.563179
25 33 0.128933
25 34 0.154228
25 35 3.23403e-009
25 36 -3.47934e-010
25 37 6.09489e-010
25 38 -2.28782e-009
25 39 -1.17556e-009
25 40 0.12647
25 41 -0.0570811
25 42 -0.0380747
25 43 2.5327e-009
25 44 1.17126e-009
25 45 1.62307e-010
25 46 5.86349e-010
25 47 -1.70423e-010
25 48 -1.41307e-010
25 49 -1.02104e-009
25 50 2.40375e-009
25 51 -2.85824e-009
25 52 -5.50485e-009
25 53 -1.57847e-009
25 54 -1.06637e-009
25 55 7.55089e-010
25 56 -7.1267e-010
25 57 2.34654e-009
25 58 1.5254e-009
25 59 -2.54213e-009
25 60 2.51029e-009
25 61 2.89969e-009
25 62 -2.80514e-010
25 63 -3.66674e-009
25 64 -7.15093e-009
25 65 -3.90424e-009
25 66 -1.16376e-009
26 0 0
26 1 -2.32884e-010
26 2 0
26 3 2.32884e-010
26 4 -1.4138e-010
26 5 1.4138e-010
26 6 -7.1356e-010
26 7 -9.32856e-010
26 8 9.70365e-010
26 9 4.84264e-010
26 10 -1.90322e-009
26 11 0.00745356
26 12 0.0372678
26 13 -0.0372678
26 14 -0.0547997
26 15 -2.82683e-009
26 16 0.00921986
26 17 -0.155969
26 18 -0.155969
26 19 0.144748
26 20 -0.210539
26 21 -0.0934309
26 22 7.61985e-011
26 23 0.142701
26 24 -0.142701
26 25 0.0324321
26 26 0.618182
26 27 0.0923586
26 28 -0.0890724
26 29 -8.47062e-011
26 30 -0.0397776
26 31 -0.0397776
26 32 -0.109
26 33 -0.315801
26 34 0.181869
26 35 0.144128
26 36 3.93558e-010
26 37 1.46264e-010
26 38 6.33728e-010
26 39 -1.27936e-011
26 40 0.0354504
26 41 0.0457148
26 42 -0.0640354
26 43 -0.0271379
26 44 3.12559e-009
26 45 1.70136e-009
26 46 2.63474e-010
26 47 -1.57239e-009
26 48 -1.15292e-009
26 49 1.29404e-009
26 50 -5.02717e-009
26 51 -1.41468e-009
26 52 3.47811e-009
26 53 7.14815e-009
26 54 6.47562e-009
26 55 1.91823e-009
26 56 -6.47989e-011
26 57 -4.83124e-010
26 58 1.62542e-010
26 59 1.85669e-009
26 60 1.53187e-009
26 61 -3.06733e-009
26 62 -5.13949e-010
26 63 5.47374e-009
26 64 1.01645e-008
26 65 5.10092e-009
26 66 5.74931e-010
27 0 0
27 1 -3.36134e-009
27 2 0
27 3 3.36134e-009
27 4 3.37595e-009
27 5 -3.37595e-009
27 6 2.06124e-009
27 7 5.28853e-010
27 8 -2.79526e-009
27 9 1.61293e-009
27 10 3.32411e-009
27 11 -0.00890871
27 12 2.30915e-009
27 13 -5.12541e-010
27 14 -0.0163745
27 15 -0.0267261
27 16 -0.0367328
27 17 2.62678e-009
27 18 -1.60772e-009
27 19 0.133262
27 20 0.183739
27 21 -0.0257703
27 22 -0.025381
27 23 -2.59143e-009
27 24 6.88929e-011
27 25 -0.145364
27 26 0.0923586
27 27 0.448052
27 28 0.133077
27 29 -2.35841e-011
27 30 -2.43788e-009
27 31 1.81951e-009
27 32 0.0632148
27 33 -0.119304
27 34 -0.116705
27 35 0.18388
27 36 0.109734
27 37 -4.33139e-011
27 38 3.47597e-009
27 39 6.91659e-010
27 40 -0.0102145
27 41 0.0276613
27 42 0.00212603
27 43 -0.040545
27 44 -0.0105948
27 45 3.41921e-010
27 46 1.04317e-010
27 47 1.41757e-009
27 48 -1.3868e-009
27 49 -1.12621e-010
27 50 -3.47483e-009
27 51 3.10696e-009
27 52 4.16284e-009
27 53 3.28885e-010
27 54 2.60482e-009
27 55 1.23769e-009
27 56 1.3771e-010
27 57 -3.7066e-009
27 58 -8.84251e-010
27 59 4.41583e-009
27 60 -3.72676e-009
27 61 -1.64073e-009
27 62 3.6403e-009
27 63 4.17369e-009
27 64 5.95698e-009
27 65 4.88457e-009
27 66 1.13652e-009
28 0 0
28 1 -1.67093e-009
28 2 0
28 3 1.67093e-009
28 4 1.74922e-009
28 5 -1.74922e-009
28 6 1.05532e-010
28 7 -2.60746e-010
28 8 -2.19515e-010
28 9 5.25814e-010
28 10 -4.12311e-011
28 11 -9.67097e-010
28 12 7.77542e-010
28 13 1.19932e-010
28 14 -9.68298e-010
28 15 -1.18744e-009
28 16 0.0564599
28 17 4.11829e-010
28 18 -5.07093e-010
28 19 -4.63455e-010
28 20 0.114603
28 21 0.176045
28 22 0.12137
28 23 -7.53626e-010
28 24 -9.75958e-011
28 25 1.22281e-009
28 26 -0.0890724
28 27 0.133077
28 28 0.363636
28 29 0.0608967
28 30 -9.39989e-010
28 31 1.01813e-009
28 32 1.46456e-009
28 33 0.0284549
28 34 -0.0775949
28 35 0.00247922
28 36 0.174913
28 37 -4.39072e-010
28 38 2.08574e-009
28 39 1.11659e-009
28 40 -3.90364e-009
28 41 -0.00349931
28 42 0.0121029
28 43 -0.0092325
28 44 -0.0168877
28 45 6.46869e-011
28 46 -2.43866e-011
28 47 -4.06554e-010
28 48 -1.75729e-010
28 49 1.77406e-009
28 50 -2.94381e-009
28 51 4.59537e-010
28 52 4.23624e-009
28 53 3.6897e-009
28 54 2.8821e-009
28 55 4.77718e-010
28 56 4.87047e-010
28 57 -1.82157e-009
28 58 -1.04496e-009
28 59 2.18495e-009
28 60 -1.16621e-009
28 61 -2.15963e-009
28 62 2.3854e-010
28 63 3.07755e-009
28 64 7.05543e-009
28 65 4.45897e-009
28 66 1.34217e-009
29 0 0
29 1 -2.14319e-010
29 2 0
29 3 2.14319e-010
29 4 1.80346e-010
29 5 -1.80346e-010
29 6 -4.79624e-010
29 7 -3.53275e-010
29 8 4.14355e-010
29 9 -3.33701e-010
29 10 -7.6763e-010
29 11 -1.30298e-010
29 12 -1.94602e-010
29 13 -5.85002e-011
29 14 5.16584e-010
29 15 -1.01971e-010
29 16 3.22115e-010
29 17 -2.28531e-010
29 18 2.00763e-010
29 19 1.35927e-010
29 20 -9.70158e-012
29 21 4.45048e-010
29 22 0.0418121
29 23 3.27884e-010
29 24 3.52432e-010
29 25 -6.28174e-010
29 26 -8.47062e-011
29 27 -2.35841e-011
29 28 0.0608967
29 29 0.0779221
29 30 -1.62362e-010
29 31 3.83783e-010
29 32 8.52738e-010
29 33 4.45969e-010
29 34 -3.27911e-010
29 35 -0.0185054
29 36 0.111907
29 37 0.0358057
29 38 1.4837e-010
29 39 3.16837e-010
29 40 -9.07989e-010
29 41 -5.41251e-010
29 42 8.85214e-010
29 43 0.00321595
29 44 -0.0201686
29 45 0.0504626
29 46 2.98739e-010
29 47 -2.39628e-010
29 48 1.56062e-010
29 49 7.25393e-010
29 50 1.53808e-010
29 51 -9.74117e-010
29 52 -0.000246875
29 53 0.00160233
29 54 -0.00410918
29 55 5.6391e-010
29 56 -6.28386e-011
29 57 5.15264e-011
29 58 -9.01773e-011
29 59 -1.63346e-010
29 60 2.02606e-010
29 61 3.02791e-010
29 62 6.29449e-011
29 63 -6.07488e-010
29 64 -3.89365e-010
29 65 3.36824e-010
29 66 2.32031e-010
30 0 0
30 1 1.16671e-009
30 2 0
30 3 -1.16671e-009
30 4 -1.45619e-009
30 5 1.45619e-009
30 6 -1.30016e-009
30 7 -8.74679e-010
30 8 1.32873e-009
30 9 -1.69977e-010
30 10 -2.20341e-009
30 11 -7.95574e-011
30 12 -3.13357e-010
30 13 6.17784e-010
30 14 -1.07156e-009
30 15 -2.14658e-009
30 16 1.22068e-010
30 17 -1.61151e-009
30 18 1.95123e-010
30 19 1.75456e-009
30 20 -2.97209e-009
30 21 -1.81636e-009
30 22 -3.30794e-010
30 23 -0.162603
30 24 -0.130082
30 25 0.177385
30 26 -0.0397776
30 27 -2.43788e-009
30 28 -9.39989e-010
30 29 -1.62362e-010
30 30 0.34127
30 31 -0.15873
30 32 -0.425415
30 33 0.159513
30 34 1.51601e-009
30 35 5.43937e-010
30 36 6.02943e-010
30 37 5.53615e-010
30 38 -0.163683
30 39 -0.0511511
30 40 0.321828
30 41 -0.178774
30 42 2.75815e-009
30 43 4.15045e-009
30 44 4.28149e-009
30 45 2.14824e-009
30 46 3.67533e-010
30 47 -1.92424e-009
30 48 4.70672e-010
30 49 -0.0803534
30 50 0.0564247
30 51 -6.99413e-010
30 52 1.68626e-009
30 53 6.106e-009
30 54 5.66725e-009
30 55 2.00387e-009
30 56 -4.96624e-010
30 57 4.3279e-010
30 58 -5.03783e-010
30 59 2.36913e-010
30 60 1.04938e-009
30 61 -3.62142e-009
30 62 -9.77806e-010
30 63 4.06665e-009
30 64 6.35243e-009
30 65 2.82448e-009
30 66 -2.68523e-010
31 0 0
31 1 -1.4126e-010
31 2 0
31 3 1.4126e-010
31 4 -1.02504e-010
31 5 1.02504e-010
31 6 5.11625e-010
31 7 2.35711e-010
31 8 -7.40739e-011
31 9 7.04455e-010
31 10 3.09785e-010
31 11 -1.29673e-011
31 12 -2.62162e-010
31 13 -4.23126e-010
31 14 -6.8006e-011
31 15 -3.08784e-010
31 16 -2.52817e-010
31 17 1.73319e-010
31 18 -7.87763e-010
31 19 -4.1192e-010
31 20 8.25527e-010
31 21 5.22921e-010
31 22 2.8868e-010
31 23 0.0464579
31 24 0.162603
31 25 -0.0886923
31 26 -0.0397776
31 27 1.81951e-009
31 28 1.01813e-009
31 29 3.83783e-010
31 30 -0.15873
31 31 0.34127
31 32 0.347695
31 33 0.159513
31 34 3.70614e-010
31 35 8.91582e-010
31 36 5.95668e-010
31 37 -3.74675e-010
31 38 0.122763
31 39 0.163683
31 40 -0.405998
31 41 -0.178774
31 42 -2.15789e-009
31 43 -1.68506e-009
31 44 -8.25557e-010
31 45 -7.37515e-010
31 46 -4.60078e-010
31 47 5.11839e-010
31 48 -1.464e-009
31 49 0.144636
31 50 0.0564247
31 51 -4.07593e-010
31 52 -2.2983e-010
31 53 -1.54413e-009
31 54 -2.02276e-009
31 55 -1.42103e-009
31 56 3.81812e-010
31 57 4.9935e-010
31 58 9.19019e-010
31 59 6.14666e-011
31 60 1.86485e-009
31 61 1.8715e-009
31 62 -5.97985e-010
31 63 -4.49553e-010
31 64 -3.25614e-010
31 65 -1.18326e-009
31 66 -3.1421e-011
32 0 0
32 1 -1.57404e-009
32 2 0
32 3 1.57404e-009
32 4 1.68122e-009
32 5 -1.68122e-009
32 6 1.56554e-009
32 7 1.04297e-009
32 8 -1.28747e-009
32 9 1.19807e-009
32 10 2.33044e-009
32 11 -3.26032e-010
32 12 4.37078e-010
32 13 -2.07067e-010
32 14 1.02347e-010
32 15 8.95263e-010
32 16 -7.37374e-010
32 17 -0.0619441
32 18 0.144536
32 19 0.110391
32 20 0.0314337
32 21 -0.00551842
32 22 8.66969e-010
32 23 0.305534
32 24 0.405623
32 25 -0.563179
32 26 -0.109
32 27 0.0632148
32 28 1.46456e-009
32 29 8.52738e-010
32 30 -0.425415
32 31 0.347695
32 32 0.911874
32 33 0.0232902
32 34 -0.181015
32 35 -5.17901e-010
32 36 5.51893e-010
32 37 -1.17118e-009
32 38 0.174
32 39 0.0966664
32 40 -0.592035
32 41 0.115176
32 42 0.170724
32 43 -5.66579e-009
32 44 -4.30335e-009
32 45 -2.54626e-009
32 46 -1.0699e-009
32 47 1.72902e-009
32 48 -1.01511e-009
32 49 0.136668
32 50 -0.0533163
32 51 -0.0441541
32 52 1.25485e-009
32 53 -5.11443e-009
32 54 -6.14517e-009
32 55 -3.61444e-009
32 56 1.16926e-009
32 57 -7.38423e-010
32 58 -1.38765e-010
32 59 6.09469e-010
32 60 -1.0979e-010
32 61 2.89859e-009
32 62 -3.69185e-010
32 63 -2.26827e-009
32 64 -2.25972e-009
32 65 -1.88726e-009
32 66 7.63326e-010
33 0 0
33 1 2.58213e-009
33 2 0
33 3 -2.58213e-009
33 4 -3.61799e-009
33 5 3.61799e-009
33 6 -1.91361e-009
33 7 -8.06706e-010
33 8 2.41821e-009
33 9 6.04726e-010
33 10 -3.22491e-009
33 11 6.56544e-010
33 12 -1.65251e-009
33 13 1.37102e-009
33 14 -5.42963e-010
33 15 -2.64267e-009
33 16 -0.000945424
33 17 0.0463258
33 18 0.0463258
33 19 -0.0589698
33 20 0.0215891
33 21 0.0176873
33 22 -1.19959e-010
33 23 -0.169404
33 24 0.169404
33 25 0.128933
33 26 -0.315801
33 27 -0.119304
33 28 0.0284549
33 29 4.45969e-010
33 30 0.159513
33 31 0.159513
33 32 0.0232902
33 33 0.701407
33 34 0.0731119
33 35 -0.135468
33 36 2.31009e-009
33 37 2.21046e-010
33 38 -0.0464743
33 39 0.0464743
33 40 -0.103602
33 41 -0.394645
33 42 0.175102
33 43 0.171141
33 44 4.98517e-009
33 45 1.30254e-009
33 46 -3.47052e-010
33 47 -2.01732e-009
33 48 1.01428e-010
33 49 0.0365034
33 50 0.0671337
33 51 -0.0707598
33 52 -0.0387724
33 53 3.37729e-009
33 54 1.1709e-009
33 55 -8.12365e-010
33 56 -2.13227e-010
33 57 2.91105e-009
33 58 -7.42624e-010
33 59 -1.96642e-009
33 60 5.24137e-009
33 61 -7.86891e-010
33 62 -3.68505e-009
33 63 1.20979e-009
33 64 1.02099e-009
33 65 -2.60437e-009
33 66 -1.219e-009
34 0 0
34 1 -7.11567e-011
34 2 0
34 3 7.11567e-011
34 4 -6.60478e-010
34 5 6.60478e-010
34 6 -9.35642e-010
34 7 -8.65416e-010
34 8 4.12376e-010
34 9 7.56621e-010
34 10 -1.27779e-009
34 11 1.05097e-010
34 12 3.43364e-010
34 13 9.02897e-010
34 14 -1.80554e-009
34 15 -1.59288e-009
34 16 0.00409466
34 17 -8.06495e-010
34 18 -6.29684e-010
34 19 -0.0291886
34 20 -0.0498682
34 21 -0.00766041
34 22 0.00522325
34 23 -7.25533e-010
34 24 -1.20597e-009
34 25 0.154228
34 26 0.181869
34 27 -0.116705
34 28 -0.0775949
34 29 -3.27911e-010
34 30 1.51601e-009
34 31 3.70614e-010
34 32 -0.181015
34 33 0.0731119
34 34 0.525026
34 35 0.115124
34 36 -0.0698982
34 37 7.43921e-010
34 38 2.88977e-010
34 39 1.57637e-009
34 40 0.0860295
34 41 -0.132474
34 42 -0.203286
34 43 0.18681
34 44 0.135423
34 45 2.42976e-009
