0 0 0.5
0 1 0
0 2 -0.5
0 3 -0.408248
0 4 0.408248
0 5 -8.40552e-010
0 6 -6.5852e-010
0 7 6.5852e-010
0 8 4.26628e-010
0 9 -4.26628e-010
0 10 2.31892e-010
0 11 -2.31892e-010
0 12 -1.08515e-009
0 13 -1.52291e-010
0 14 3.78846e-010
0 15 8.53435e-010
0 16 -1.36034e-009
0 17 -1.36848e-009
0 18 4.41889e-011
0 19 -4.41889e-011
0 20 -7.05349e-010
0 21 7.05349e-010
0 22 -6.44586e-011
0 23 6.44586e-011
0 24 1.01898e-009
0 25 -2.4804e-009
0 26 -1.8018e-009
0 27 -3.12615e-010
0 28 -6.84377e-010
0 29 -1.10351e-009
0 30 1.63831e-009
0 31 -2.32884e-010
0 32 -3.36134e-009
0 33 -1.67093e-009
0 34 -2.14319e-010
0 35 2.14319e-010
0 36 1.16671e-009
0 37 -1.16671e-009
0 38 -1.4126e-010
0 39 1.4126e-010
0 40 -1.57404e-009
0 41 2.58213e-009
0 42 -7.11567e-011
0 43 -1.22477e-009
0 44 -1.99525e-011
0 45 4.70534e-010
0 46 6.06714e-010
0 47 1.55592e-009
0 48 -1.50675e-009
0 49 -5.42819e-010
0 50 3.44202e-009
0 51 2.94196e-009
0 52 2.85357e-009
0 53 1.86178e-009
0 54 4.10069e-010
0 55 -4.10069e-010
0 56 -1.35176e-009
0 57 1.35176e-009
0 58 8.00308e-010
0 59 -8.00308e-010
0 60 2.20087e-009
0 61 -9.37684e-010
0 62 8.15973e-010
0 63 2.43897e-009
0 64 5.16557e-009
0 65 5.22187e-009
0 66 2.00103e-009
0 67 -4.19045e-010
0 68 -7.10195e-010
0 69 -1.59421e-009
0 70 1.14202e-009
0 71 -5.71091e-010
0 72 -3.72742e-009
0 73 8.73964e-011
0 74 3.93946e-009
0 75 5.74823e-009
0 76 3.24687e-009
0 77 1.05088e-010
1 0 0
1 1 0
1 2 0
1 3 0
1 4 0
1 5 0
1 6 0
1 7 0
1 8 0
1 9 0
1 10 0
1 11 0
1 12 0
1 13 0
1 14 0
1 15 0
1 16 0
1 17 0
1 18 0
1 19 0
1 20 0
1 21 0
1 22 0
1 23 0
1 24 0
1 25 0
1 26 0
1 27 0
1 28 0
1 29 0
1 30 0
1 31 0
1 32 0
1 33 0
1 34 0
1 35 0
1 36 0
1 37 0
1 38 0
1 39 0
1 40 0
1 41 0
1 42 0
1 43 0
1 44 0
1 45 0
1 46 0
1 47 0
1 48 0
1 49 0
1 50 0
1 51 0
1 52 0
1 53 0
1 54 0
1 55 0
1 56 0
1 57 0
1 58 0
1 59 0
1 60 0
1 61 0
1 62 0
1 63 0
1 64 0
1 65 0
1 66 0
1 67 0
1 68 0
1 69 0
1 70 0
1 71 0
1 72 0
1 73 0
1 74 0
1 75 0
1 76 0
1 77 0
2 0 -0.5
2 1 0
2 2 0.5
2 3 0.408248
2 4 -0.408248
2 5 8.40552e-010
2 6 6.5852e-010
2 7 -6.5852e-010
2 8 -4.26628e-010
2 9 4.26628e-010
2 10 -2.31892e-010
2 11 2.31892e-010
2 12 1.08515e-009
2 13 1.52291e-010
2 14 -3.78846e-010
2 15 -8.53435e-010
2 16 1.36034e-009
2 17 1.36848e-009
2 18 -4.41889e-011
2 19 4.41889e-011
2 20 7.05349e-010
2 21 -7.05349e-010
2 22 6.44586e-011
2 23 -6.44586e-011
2 24 -1.01898e-009
2 25 2.4804e-009
2 26 1.8018e-009
2 27 3.12615e-010
2 28 6.84377e-010
2 29 1.10351e-009
2 30 -1.63831e-009
2 31 2.32884e-010
2 32 3.36134e-009
2 33 1.67093e-009
2 34 2.14319e-010
2 35 -2.14319e-010
2 36 -1.16671e-009
2 37 1.16671e-009
2 38 1.4126e-010
2 39 -1.4126e-010
2 40 1.57404e-009
2 41 -2.58213e-009
2 42 7.11567e-011
2 43 1.22477e-009
2 44 1.99525e-011
2 45 -4.70534e-010
2 46 -6.06714e-010
2 47 -1.55592e-009
2 48 1.50675e-009
2 49 5.42819e-010
2 50 -3.44202e-009
2 51 -2.94196e-009
2 52 -2.85357e-009
2 53 -1.86178e-009
2 54 -4.10069e-010
2 55 4.10069e-010
2 56 1.35176e-009
2 57 -1.35176e-009
2 58 -8.00308e-010
2 59 8.00308e-010
2 60 -2.20087e-009
2 61 9.37684e-010
2 62 -8.15973e-010
2 63 -2.43897e-009
2 64 -5.16557e-009
2 65 -5.22187e-009
2 66 -2.00103e-009
2 67 4.19045e-010
2 68 7.10195e-010
2 69 1.59421e-009
2 70 -1.14202e-009
2 71 5.71091e-010
2 72 3.72742e-009
2 73 -8.73964e-011
2 74 -3.93946e-009
2 75 -5.74823e-009
2 76 -3.24687e-009
2 77 -1.05088e-010
3 0 -0.408248
3 1 0
3 2 0.408248
3 3 0.5
3 4 -0.5
3 5 6.86308e-010
3 6 0.129099
3 7 -0.129099
3 8 0.129099
3 9 -0.129099
3 10 -3.33518e-010
3 11 3.33518e-010
3 12 1.12263e-009
3 13 1.05346e-010
3 14 -3.0692e-010
3 15 -5.24616e-010
3 16 1.6321e-009
3 17 1.67523e-009
3 18 -1.21973e-011
3 19 1.21973e-011
3 20 8.14054e-010
3 21 -8.14054e-010
3 22 2.80257e-010
3 23 -2.80257e-010
3 24 -9.48644e-010
3 25 3.15692e-009
3 26 2.15813e-009
3 27 4.15576e-010
3 28 6.61719e-010
3 29 6.65624e-010
3 30 -1.91827e-009
3 31 -1.4138e-010
3 32 3.37595e-009
3 33 1.74922e-009
3 34 1.80346e-010
3 35 -1.80346e-010
3 36 -1.45619e-009
3 37 1.45619e-009
3 38 -1.02504e-010
3 39 1.02504e-010
3 40 1.68122e-009
3 41 -3.61799e-009
3 42 -6.60478e-010
3 43 9.98617e-010
3 44 -1.21711e-010
3 45 -5.9329e-010
3 46 -2.9322e-010
3 47 -7.68963e-010
3 48 1.15577e-009
3 49 1.11814e-009
3 50 -3.07043e-009
3 51 -3.20267e-009
3 52 -3.36417e-009
3 53 -2.19653e-009
3 54 -3.99479e-010
3 55 3.99479e-010
3 56 1.38192e-009
3 57 -1.38192e-009
3 58 -1.15388e-010
3 59 1.15388e-010
3 60 -1.45912e-009
3 61 2.15248e-009
3 62 -3.65201e-010
3 63 -2.30372e-009
3 64 -5.50233e-009
3 65 -5.87071e-009
3 66 -2.24241e-009
3 67 5.18994e-010
3 68 4.75582e-010
3 69 8.16395e-010
3 70 -1.29351e-009
3 71 -6.72542e-011
3 72 3.70991e-009
3 73 -1.36921e-010
3 74 -4.75524e-009
3 75 -6.81129e-009
3 76 -3.49648e-009
3 77 1.10452e-010
4 0 0.408248
4 1 0
4 2 -0.408248
4 3 -0.5
4 4 0.5
4 5 -6.86308e-010
4 6 -0.129099
4 7 0.129099
4 8 -0.129099
4 9 0.129099
4 10 3.33518e-010
4 11 -3.33518e-010
4 12 -1.12263e-009
4 13 -1.05346e-010
4 14 3.0692e-010
4 15 5.24616e-010
4 16 -1.6321e-009
4 17 -1.67523e-009
4 18 1.21973e-011
4 19 -1.21973e-011
4 20 -8.14054e-010
4 21 8.14054e-010
4 22 -2.80257e-010
4 23 2.80257e-010
4 24 9.48644e-010
4 25 -3.15692e-009
4 26 -2.15813e-009
4 27 -4.15576e-010
4 28 -6.61719e-010
4 29 -6.65624e-010
4 30 1.91827e-009
4 31 1.4138e-010
4 32 -3.37595e-009
4 33 -1.74922e-009
4 34 -1.80346e-010
4 35 1.80346e-010
4 36 1.45619e-009
4 37 -1.45619e-009
4 38 1.02504e-010
4 39 -1.02504e-010
4 40 -1.68122e-009
4 41 3.61799e-009
4 42 6.60478e-010
4 43 -9.98617e-010
4 44 1.21711e-010
4 45 5.9329e-010
4 46 2.9322e-010
4 47 7.68963e-010
4 48 -1.15577e-009
4 49 -1.11814e-009
4 50 3.07043e-009
4 51 3.20267e-009
4 52 3.36417e-009
4 53 2.19653e-009
4 54 3.99479e-010
4 55 -3.99479e-010
4 56 -1.38192e-009
4 57 1.38192e-009
4 58 1.15388e-010
4 59 -1.15388e-010
4 60 1.45912e-009
4 61 -2.15248e-009
4 62 3.65201e-010
4 63 2.30372e-009
4 64 5.50233e-009
4 65 5.87071e-009
4 66 2.24241e-009
4 67 -5.18994e-010
4 68 -4.75582e-010
4 69 -8.16395e-010
4 70 1.29351e-009
4 71 6.72542e-011
4 72 -3.70991e-009
4 73 1.36921e-010
4 74 4.75524e-009
4 75 6.81129e-009
4 76 3.49648e-009
4 77 -1.10452e-010
5 0 -8.40552e-010
5 1 0
5 2 8.40552e-010
5 3 6.86308e-010
5 4 -6.86308e-010
5 5 0.5
5 6 0.129099
5 7 -0.129099
5 8 -0.258199
5 9 0.258199
5 10 0.129099
5 11 -0.129099
5 12 0.387298
5 13 5.77623e-010
5 14 1.15651e-010
5 15 -3.97942e-010
5 16 -0.112306
5 17 2.28742e-009
5 18 4.44256e-010
5 19 -4.44256e-010
5 20 1.09795e-009
5 21 -1.09795e-009
5 22 -1.15422e-010
5 23 1.15422e-010
5 24 -1.19379e-009
5 25 2.38594e-009
5 26 2.27404e-009
5 27 -2.98248e-010
5 28 4.52611e-011
5 29 4.63446e-010
5 30 -1.02825e-009
5 31 -7.1356e-010
5 32 2.06124e-009
5 33 1.05532e-010
5 34 -4.79624e-010
5 35 4.79624e-010
5 36 -1.30016e-009
5 37 1.30016e-009
5 38 5.11625e-010
5 39 -5.11625e-010
5 40 1.56554e-009
5 41 -1.91361e-009
5 42 -9.35642e-010
5 43 -3.28076e-010
5 44 -1.37163e-009
5 45 2.07323e-010
5 46 -3.71421e-011
5 47 9.82446e-012
5 48 2.65803e-010
5 49 -5.17255e-010
5 50 -2.457e-009
5 51 -1.32899e-009
5 52 -2.60487e-009
5 53 -9.15162e-010
5 54 3.70934e-010
5 55 -3.70934e-010
5 56 1.46344e-009
5 57 -1.46344e-009
5 58 -2.06686e-010
5 59 2.06686e-010
5 60 -1.05508e-009
5 61 3.23837e-009
5 62 1.78862e-010
5 63 -3.77423e-009
5 64 -4.75418e-009
5 65 -3.23993e-009
5 66 -3.70666e-011
5 67 -3.02923e-010
5 68 7.50637e-012
5 69 1.02514e-010
5 70 -5.25015e-010
5 71 -5.51691e-010
5 72 3.44873e-009
5 73 1.83629e-009
5 74 -4.02945e-009
5 75 -8.18261e-009
5 76 -3.27756e-009
5 77 -3.48575e-010
6 0 -6.5852e-010
6 1 0
6 2 6.5852e-010
6 3 0.129099
6 4 -0.129099
6 5 0.129099
6 6 0.222222
6 7 -0.222222
6 8 0.0555556
6 9 -0.0555556
6 10 0.0555556
6 11 -0.0555556
6 12 0.166667
6 13 0.0845154
6 14 -0.0093906
6 15 0.0093906
6 16 -0.0828493
6 17 0.0563436
6 18 2.86297e-010
6 19 -2.86297e-010
6 20 7.30587e-010
6 21 -7.30587e-010
6 22 7.12722e-011
6 23 -7.12722e-011
6 24 0.0135542
6 25 -0.0115785
6 26 1.07431e-009
6 27 -1.86365e-010
6 28 -1.62037e-010
6 29 2.1625e-010
6 30 -4.89846e-010
6 31 -9.32856e-010
6 32 5.28853e-010
6 33 -2.60746e-010
6 34 -3.53275e-010
6 35 3.53275e-010
6 36 -8.74679e-010
6 37 8.74679e-010
6 38 2.35711e-010
6 39 -2.35711e-010
6 40 1.04297e-009
6 41 -8.06706e-010
6 42 -8.65416e-010
6 43 -7.39017e-010
6 44 -9.91184e-010
6 45 1.48245e-010
6 46 3.25438e-010
6 47 2.73762e-010
6 48 -3.46583e-010
6 49 1.79689e-010
6 50 -6.37782e-010
6 51 -6.53706e-010
6 52 -1.55764e-009
6 53 -4.36949e-010
6 54 3.04634e-010
6 55 -3.04634e-010
6 56 7.93345e-010
6 57 -7.93345e-010
6 58 1.6554e-010
6 59 -1.6554e-010
6 60 -2.03464e-010
6 61 1.78462e-009
6 62 2.67029e-010
6 63 -1.7892e-009
6 64 -2.33695e-009
6 65 -1.3542e-009
6 66 2.93428e-010
6 67 -2.01085e-010
6 68 -3.27938e-010
6 69 -1.68897e-010
6 70 -9.88708e-011
6 71 -9.7689e-010
6 72 1.48907e-009
6 73 1.31392e-009
6 74 -2.07121e-009
6 75 -4.20362e-009
6 76 -1.26406e-009
6 77 -5.7209e-011
7 0 6.5852e-010
7 1 0
7 2 -6.5852e-010
7 3 -0.129099
7 4 0.129099
7 5 -0.129099
7 6 -0.222222
7 7 0.222222
7 8 -0.0555556
7 9 0.0555556
7 10 -0.0555556
7 11 0.0555556
7 12 -0.166667
7 13 -0.0845154
7 14 0.0093906
7 15 -0.0093906
7 16 0.0828493
7 17 -0.0563436
7 18 -2.86297e-010
7 19 2.86297e-010
7 20 -7.30587e-010
7 21 7.30587e-010
7 22 -7.12722e-011
7 23 7.12722e-011
7 24 -0.0135542
7 25 0.0115785
7 26 -1.07431e-009
7 27 1.86365e-010
7 28 1.62037e-010
7 29 -2.1625e-010
7 30 4.89846e-010
7 31 9.32856e-010
7 32 -5.28853e-010
7 33 2.60746e-010
7 34 3.53275e-010
7 35 -3.53275e-010
7 36 8.74679e-010
7 37 -8.74679e-010
7 38 -2.35711e-010
7 39 2.35711e-010
7 40 -1.04297e-009
7 41 8.06706e-010
7 42 8.65416e-010
7 43 7.39017e-010
7 44 9.91184e-010
7 45 -1.48245e-010
7 46 -3.25438e-010
7 47 -2.73762e-010
7 48 3.46583e-010
7 49 -1.79689e-010
7 50 6.37782e-010
7 51 6.53706e-010
7 52 1.55764e-009
7 53 4.36949e-010
7 54 -3.04634e-010
7 55 3.04634e-010
7 56 -7.93345e-010
7 57 7.93345e-010
7 58 -1.6554e-010
7 59 1.6554e-010
7 60 2.03464e-010
7 61 -1.78462e-009
7 62 -2.67029e-010
7 63 1.7892e-009
7 64 2.33695e-009
7 65 1.3542e-009
7 66 -2.93428e-010
7 67 2.01085e-010
7 68 3.27938e-010
7 69 1.68897e-010
7 70 9.88708e-011
7 71 9.7689e-010
7 72 -1.48907e-009
7 73 -1.31392e-009
7 74 2.07121e-009
7 75 4.20362e-009
7 76 1.26406e-009
7 77 5.7209e-011
8 0 4.26628e-010
8 1 0
8 2 -4.26628e-010
8 3 0.129099
8 4 -0.129099
8 5 -0.258199
8 6 0.0555556
8 7 -0.0555556
8 8 0.388889
8 9 -0.388889
8 10 -0.111111
8 11 0.111111
8 12 -0.333333
8 13 -8.58318e-010
8 14 -0.15025
8 15 -0.0187812
8 16 0.165699
8 17 -0.112687
8 18 -3.7633e-010
8 19 3.7633e-010
8 20 -1.39568e-009
8 21 1.39568e-009
8 22 -6.63185e-011
8 23 6.63185e-011
8 24 -0.0271083
8 25 0.0231571
8 26 -2.49004e-009
8 27 4.59812e-010
8 28 2.27801e-011
8 29 -6.75277e-010
8 30 1.20237e-009
8 31 9.70365e-010
8 32 -2.79526e-009
8 33 -2.19515e-010
8 34 4.14355e-010
8 35 -4.14355e-010
8 36 1.32873e-009
8 37 -1.32873e-009
8 38 -7.40739e-011
8 39 7.40739e-011
8 40 -1.28747e-009
8 41 2.41821e-009
8 42 4.12376e-010
8 43 -5.62071e-011
8 44 1.40614e-009
8 45 -3.10682e-010
8 46 4.51689e-010
8 47 7.3485e-010
8 48 -1.58931e-009
8 49 2.4752e-010
8 50 3.89606e-009
8 51 1.93013e-009
8 52 3.17476e-009
8 53 1.09492e-009
8 54 -2.76412e-010
8 55 2.76412e-010
8 56 -1.96847e-009
8 57 1.96847e-009
8 58 2.6111e-010
8 59 -2.6111e-010
8 60 2.15096e-009
8 61 -3.71686e-009
8 62 -4.31285e-010
8 63 4.89191e-009
8 64 6.86351e-009
8 65 4.67847e-009
8 66 3.49176e-010
8 67 4.03887e-010
8 68 -2.57888e-010
8 69 -7.8074e-010
8 70 9.82208e-010
8 71 9.56215e-010
8 72 -4.12346e-009
8 73 -2.17744e-009
8 74 4.92971e-009
8 75 1.03852e-008
8 76 4.5299e-009
8 77 7.55256e-010
9 0 -4.26628e-010
9 1 0
9 2 4.26628e-010
9 3 -0.129099
9 4 0.129099
9 5 0.258199
9 6 -0.0555556
9 7 0.0555556
9 8 -0.388889
9 9 0.388889
9 10 0.111111
9 11 -0.111111
9 12 0.333333
9 13 8.58318e-010
9 14 0.15025
9 15 0.0187812
9 16 -0.165699
9 17 0.112687
9 18 3.7633e-010
9 19 -3.7633e-010
9 20 1.39568e-009
9 21 -1.39568e-009
9 22 6.63185e-011
9 23 -6.63185e-011
9 24 0.0271083
9 25 -0.0231571
9 26 2.49004e-009
9 27 -4.59812e-010
9 28 -2.27801e-011
9 29 6.75277e-010
9 30 -1.20237e-009
9 31 -9.70365e-010
9 32 2.79526e-009
9 33 2.19515e-010
9 34 -4.14355e-010
9 35 4.14355e-010
9 36 -1.32873e-009
9 37 1.32873e-009
9 38 7.40739e-011
9 39 -7.40739e-011
9 40 1.28747e-009
9 41 -2.41821e-009
9 42 -4.12376e-010
9 43 5.62071e-011
9 44 -1.40614e-009
9 45 3.10682e-010
9 46 -4.51689e-010
9 47 -7.3485e-010
9 48 1.58931e-009
9 49 -2.4752e-010
9 50 -3.89606e-009
9 51 -1.93013e-009
9 52 -3.17476e-009
9 53 -1.09492e-009
9 54 2.76412e-010
9 55 -2.76412e-010
9 56 1.96847e-009
9 57 -1.96847e-009
9 58 -2.6111e-010
9 59 2.6111e-010
9 60 -2.15096e-009
9 61 3.71686e-009
9 62 4.31285e-010
9 63 -4.89191e-009
9 64 -6.86351e-009
9 65 -4.67847e-009
9 66 -3.49176e-010
9 67 -4.03887e-010
9 68 2.57888e-010
9 69 7.8074e-010
9 70 -9.82208e-010
9 71 -9.56215e-010
9 72 4.12346e-009
9 73 2.17744e-009
9 74 -4.92971e-009
9 75 -1.03852e-008
9 76 -4.5299e-009
9 77 -7.55256e-010
10 0 2.31892e-010
10 1 0
10 2 -2.31892e-010
10 3 -3.33518e-010
10 4 3.33518e-010
10 5 0.129099
10 6 0.0555556
10 7 -0.0555556
10 8 -0.111111
10 9 0.111111
10 10 0.388889
10 11 -0.388889
10 12 0.166667
10 13 2.26246e-010
10 14 0.187812
10 15 0.15025
10 16 -0.393534
10 17 -0.112687
10 18 4.06229e-010
10 19 -4.06229e-010
10 20 -6.36536e-011
10 21 6.36536e-011
10 22 -8.25542e-012
10 23 8.25542e-012
10 24 0.135542
10 25 0.0231571
10 26 1.10921e-009
10 27 -1.56906e-010
10 28 6.52481e-010
10 29 1.30572e-009
10 30 -1.05213e-009
10 31 4.84264e-010
10 32 1.61293e-009
10 33 5.25814e-010
10 34 -3.33701e-010
10 35 3.33701e-010
10 36 -1.69977e-010
10 37 1.69977e-010
10 38 7.04455e-010
10 39 -7.04455e-010
10 40 1.19807e-009
10 41 6.04726e-010
10 42 7.56621e-010
10 43 8.58804e-010
10 44 -4.66613e-010
10 45 1.93208e-010
10 46 -7.24972e-010
10 47 -1.23087e-009
10 48 5.08918e-010
10 49 -1.63985e-009
10 50 -1.46327e-009
10 51 2.66547e-010
10 52 -3.53706e-010
10 53 -2.23507e-010
10 54 2.8434e-010
10 55 -2.8434e-010
10 56 3.74799e-010
10 57 -3.74799e-010
10 58 -9.40569e-010
10 59 9.40569e-010
10 60 -1.20782e-009
10 61 -1.25064e-010
10 62 -1.83287e-009
10 63 -2.64601e-009
10 64 -1.30597e-009
10 65 -7.11511e-010
10 66 3.74758e-010
10 67 -2.39306e-010
10 68 8.06349e-010
10 69 1.47588e-009
10 70 -6.69711e-010
10 71 1.25538e-009
10 72 2.21532e-009
10 73 4.47234e-010
10 74 -1.73587e-009
10 75 -3.04371e-009
10 76 -1.40259e-009
10 77 -3.43335e-010
11 0 -2.31892e-010
11 1 0
11 2 2.31892e-010
11 3 3.33518e-010
11 4 -3.33518e-010
11 5 -0.129099
11 6 -0.0555556
11 7 0.0555556
11 8 0.111111
11 9 -0.111111
11 10 -0.388889
11 11 0.388889
11 12 -0.166667
11 13 -2.26246e-010
11 14 -0.187812
11 15 -0.15025
11 16 0.393534
11 17 0.112687
11 18 -4.06229e-010
11 19 4.06229e-010
11 20 6.36536e-011
11 21 -6.36536e-011
11 22 8.25542e-012
11 23 -8.25542e-012
11 24 -0.135542
11 25 -0.0231571
11 26 -1.10921e-009
11 27 1.56906e-010
11 28 -6.52481e-010
11 29 -1.30572e-009
11 30 1.05213e-009
11 31 -4.84264e-010
11 32 -1.61293e-009
11 33 -5.25814e-010
11 34 3.33701e-010
11 35 -3.33701e-010
11 36 1.69977e-010
11 37 -1.69977e-010
11 38 -7.04455e-010
11 39 7.04455e-010
11 40 -1.19807e-009
11 41 -6.04726e-010
11 42 -7.56621e-010
11 43 -8.58804e-010
11 44 4.66613e-010
11 45 -1.93208e-010
11 46 7.24972e-010
11 47 1.23087e-009
11 48 -5.08918e-010
11 49 1.63985e-009
11 50 1.46327e-009
11 51 -2.66547e-010
11 52 3.53706e-010
11 53 2.23507e-010
11 54 -2.8434e-010
11 55 2.8434e-010
11 56 -3.74799e-010
11 57 3.74799e-010
11 58 9.40569e-010
11 59 -9.40569e-010
11 60 1.20782e-009
11 61 1.25064e-010
11 62 1.83287e-009
11 63 2.64601e-009
11 64 1.30597e-009
11 65 7.11511e-010
11 66 -3.74758e-010
11 67 2.39306e-010
11 68 -8.06349e-010
11 69 -1.47588e-009
11 70 6.69711e-010
11 71 -1.25538e-009
11 72 -2.21532e-009
11 73 -4.47234e-010
11 74 1.73587e-009
11 75 3.04371e-009
11 76 1.40259e-009
11 77 3.43335e-010
12 0 -1.08515e-009
12 1 0
12 2 1.08515e-009
12 3 1.12263e-009
12 4 -1.12263e-009
12 5 0.387298
12 6 0.166667
12 7 -0.166667
12 8 -0.333333
12 9 0.333333
12 10 0.166667
12 11 -0.166667
12 12 0.5
12 13 0.0845154
12 14 0.140859
12 15 0.0281718
12 16 -0.248548
12 17 0.169031
12 18 6.62626e-010
12 19 -6.62626e-010
12 20 2.12626e-009
12 21 -2.12626e-009
12 22 1.37591e-010
12 23 -1.37591e-010
12 24 0.0406625
12 25 -0.0347356
12 26 3.56435e-009
12 27 -6.46177e-010
12 28 -1.84817e-010
12 29 8.91527e-010
12 30 -1.69222e-009
12 31 -1.90322e-009
12 32 3.32411e-009
12 33 -4.12311e-011
12 34 -7.6763e-010
12 35 7.6763e-010
12 36 -2.20341e-009
12 37 2.20341e-009
12 38 3.09785e-010
12 39 -3.09785e-010
12 40 2.33044e-009
12 41 -3.22491e-009
12 42 -1.27779e-009
12 43 -6.8281e-010
12 44 -2.39733e-009
12 45 4.58927e-010
12 46 -1.26251e-010
12 47 -4.61088e-010
12 48 1.24272e-009
12 49 -6.7831e-011
12 50 -4.53384e-009
12 51 -2.58383e-009
12 52 -4.7324e-009
12 53 -1.53186e-009
12 54 5.81046e-010
12 55 -5.81046e-010
12 56 2.76182e-009
12 57 -2.76182e-009
12 58 -9.55702e-011
12 59 9.55702e-011
12 60 -2.35443e-009
12 61 5.50149e-009
12 62 6.98314e-010
12 63 -6.6811e-009
12 64 -9.20046e-009
12 65 -6.03267e-009
12 66 -5.57476e-011
12 67 -6.04971e-010
12 68 -7.00492e-011
12 69 6.11843e-010
12 70 -1.08108e-009
12 71 -1.9331e-009
12 72 5.61253e-009
12 73 3.49135e-009
12 74 -7.00092e-009
12 75 -1.45888e-008
12 76 -5.79396e-009
12 77 -8.12465e-010
13 0 -1.52291e-010
13 1 0
13 2 1.52291e-010
13 3 1.05346e-010
13 4 -1.05346e-010
13 5 5.77623e-010
13 6 0.0845154
13 7 -0.0845154
13 8 -8.58318e-010
13 9 8.58318e-010
13 10 2.26246e-010
13 11 -2.26246e-010
13 12 0.0845154
13 13 0.15
13 14 4.73929e-010
13 15 -1.8161e-010
13 16 -0.0551411
13 17 0.15
13 18 0.0629941
13 19 -0.0629941
13 20 6.04057e-010
13 21 -6.04057e-010
13 22 -2.30135e-010
13 23 2.30135e-010
13 24 0.0160375
13 25 -0.0547997
13 26 0.0589256
13 27 -4.27197e-010
13 28 -6.67205e-010
13 29 -1.29846e-011
13 30 -0.00189934
13 31 0.00745356
13 32 -0.00890871
13 33 -9.67097e-010
13 34 -1.30298e-010
13 35 1.30298e-010
13 36 -7.95574e-011
13 37 7.95574e-011
13 38 -1.29673e-011
13 39 1.29673e-011
13 40 -3.26032e-010
13 41 6.56544e-010
13 42 1.05097e-010
13 43 -8.80688e-010
13 44 -5.38655e-010
13 45 4.00172e-010
13 46 1.15354e-010
13 47 -2.69741e-010
13 48 3.32353e-010
13 49 9.05185e-011
13 50 -5.50801e-010
13 51 -6.48935e-011
13 52 -2.45014e-010
13 53 5.23093e-010
13 54 1.72414e-010
13 55 -1.72414e-010
13 56 5.30354e-010
13 57 -5.30354e-010
13 58 -2.55765e-010
13 59 2.55765e-010
13 60 -8.01733e-010
13 61 1.8127e-010
13 62 9.53436e-010
13 63 -6.92843e-010
13 64 -1.16443e-009
13 65 3.57232e-010
13 66 7.09519e-010
13 67 -3.81991e-010
13 68 -4.03336e-010
13 69 1.66979e-010
13 70 5.08592e-010
13 71 -9.24059e-010
13 72 -7.28379e-011
13 73 1.35217e-009
13 74 4.78641e-010
13 75 -9.97379e-010
13 76 -2.07874e-010
13 77 -4.2622e-010
14 0 3.78846e-010
14 1 0
14 2 -3.78846e-010
14 3 -3.0692e-010
14 4 3.0692e-010
14 5 1.15651e-010
14 6 -0.0093906
14 7 0.0093906
14 8 -0.15025
14 9 0.15025
14 10 0.187812
14 11 -0.187812
14 12 0.140859
14 13 4.73929e-010
14 14 0.361111
14 15 0.138889
14 16 -0.398241
14 17 0.0833333
14 18 2.73253e-010
14 19 -2.73253e-010
14 20 -0.157485
14 21 0.157485
14 22 0.031497
14 23 -0.031497
14 24 0.240563
14 25 -0.136999
14 26 1.66495e-009
14 27 -1.58658e-010
14 28 5.1955e-010
14 29 4.59159e-010
14 30 -0.0474836
14 31 0.0372678
14 32 2.30915e-009
14 33 7.77542e-010
14 34 -1.94602e-010
14 35 1.94602e-010
14 36 -3.13357e-010
14 37 3.13357e-010
14 38 -2.62162e-010
14 39 2.62162e-010
14 40 4.37078e-010
14 41 -1.65251e-009
14 42 3.43364e-010
14 43 1.16124e-009
14 44 -4.0849e-010
14 45 1.01947e-010
14 46 -8.08938e-010
14 47 -5.82966e-010
14 48 1.58394e-009
14 49 -6.86384e-010
14 50 -2.43276e-009
14 51 -5.30661e-010
14 52 -1.21355e-009
14 53 -7.30957e-010
14 54 1.00241e-010
14 55 -1.00241e-010
14 56 7.31406e-010
14 57 -7.31406e-010
14 58 1.04393e-010
14 59 -1.04393e-010
14 60 -1.05414e-009
14 61 2.28754e-009
14 62 -5.36812e-010
14 63 -3.12472e-009
14 64 -3.48628e-009
14 65 -2.92417e-009
14 66 -4.75204e-010
14 67 -1.67058e-010
14 68 7.95379e-010
14 69 6.73158e-010
14 70 -1.3244e-009
14 71 1.79777e-010
14 72 2.43181e-009
14 73 3.56589e-010
14 74 -3.33166e-009
14 75 -6.1472e-009
14 76 -3.03987e-009
14 77 -5.00036e-010
15 0 8.53435e-010
15 1 0
15 2 -8.53435e-010
15 3 -5.24616e-010
15 4 5.24616e-010
15 5 -3.97942e-010
15 6 0.0093906
15 7 -0.0093906
15 8 -0.0187812
15 9 0.0187812
15 10 0.15025
15 11 -0.15025
15 12 0.0281718
15 13 -1.8161e-010
15 14 0.138889
15 15 0.361111
15 16 -0.263452
15 17 -0.0833333
15 18 9.39156e-011
15 19 -9.39156e-011
15 20 -0.157485
15 21 0.157485
15 22 0.157485
15 23 -0.157485
15 24 0.400938
15 25 0.136999
15 26 -6.30897e-010
15 27 7.32536e-012
15 28 3.24118e-010
15 29 5.21586e-010
15 30 -0.142451
15 31 -0.0372678
15 32 -5.12541e-010
15 33 1.19932e-010
15 34 -5.85002e-011
15 35 5.85002e-011
15 36 6.17784e-010
15 37 -6.17784e-010
15 38 -4.23126e-010
15 39 4.23126e-010
15 40 -2.07067e-010
15 41 1.37102e-009
15 42 9.02897e-010
15 43 5.75265e-010
15 44 2.57139e-010
15 45 7.87096e-011
15 46 -3.20827e-010
15 47 -5.92198e-010
15 48 3.2957e-010
15 49 -4.45836e-011
15 50 1.03977e-009
15 51 1.20066e-009
15 52 1.13911e-009
15 53 3.55245e-010
15 54 8.73887e-011
15 55 -8.73887e-011
15 56 -6.43926e-010
15 57 6.43926e-010
15 58 3.34042e-010
15 59 -3.34042e-010
15 60 2.63562e-010
15 61 -1.31817e-009
15 62 -1.20176e-009
15 63 2.56777e-010
15 64 1.64366e-009
15 65 1.31163e-009
15 66 5.27631e-010
15 67 -6.31342e-011
15 68 3.95104e-010
15 69 7.6671e-010
15 70 -5.18395e-010
15 71 -8.4998e-012
15 72 -1.03085e-009
15 73 -5.94208e-010
15 74 6.2037e-010
15 75 1.89883e-009
15 76 1.03393e-009
15 77 -8.25783e-012
16 0 -1.36034e-009
16 1 0
16 2 1.36034e-009
16 3 1.6321e-009
16 4 -1.6321e-009
16 5 -0.112306
16 6 -0.0828493
16 7 0.0828493
16 8 0.165699
16 9 -0.165699
16 10 -0.393534
16 11 0.393534
16 12 -0.248548
16 13 -0.0551411
16 14 -0.398241
16 15 -0.263452
16 16 0.702703
16 17 0.0735215
16 18 -6.87241e-010
16 19 6.87241e-010
16 20 0.173678
16 21 -0.173678
16 22 -0.0578927
16 23 0.0578927
16 24 -0.424476
16 25 0.161158
16 26 0.108307
16 27 3.30585e-010
16 28 -1.35227e-009
16 29 -8.76925e-010
16 30 0.0837855
16 31 -0.0547997
16 32 -0.0163745
16 33 -9.68298e-010
16 34 5.16584e-010
16 35 -5.16584e-010
16 36 -1.07156e-009
16 37 1.07156e-009
16 38 -6.8006e-011
16 39 6.8006e-011
16 40 1.02347e-010
16 41 -5.42963e-010
16 42 -1.80554e-009
16 43 -2.63027e-009
16 44 1.26871e-010
16 45 -4.63074e-010
16 46 1.77978e-009
16 47 7.80592e-010
16 48 -1.70448e-009
16 49 3.54231e-009
16 50 1.51629e-009
16 51 -2.62116e-009
16 52 -1.58979e-009
16 53 -3.4887e-010
16 54 -5.0792e-010
16 55 5.0792e-010
16 56 5.4806e-010
16 57 -5.4806e-010
16 58 1.00968e-010
16 59 -1.00968e-010
16 60 3.2107e-010
16 61 -1.29721e-009
16 62 2.6689e-009
16 63 3.77965e-009
16 64 -1.83727e-010
16 65 -1.85342e-010
16 66 -8.40747e-010
16 67 5.39024e-010
16 68 -1.90473e-009
16 69 -1.10963e-009
16 70 1.91652e-009
16 71 -2.36608e-009
16 72 -1.74364e-009
16 73 5.87765e-010
16 74 2.21016e-009
16 75 4.05699e-009
16 76 2.31588e-009
16 77 7.81061e-010
17 0 -1.36848e-009
17 1 0
17 2 1.36848e-009
17 3 1.67523e-009
17 4 -1.67523e-009
17 5 2.28742e-009
17 6 0.0563436
17 7 -0.0563436
17 8 -0.112687
17 9 0.112687
17 10 -0.112687
17 11 0.112687
17 12 0.169031
17 13 0.15
17 14 0.0833333
17 15 -0.0833333
17 16 0.0735215
17 17 0.4
17 18 0.0755929
17 19 -0.0755929
17 20 -0.0188982
17 21 0.0188982
17 22 -0.0188982
17 23 0.0188982
17 24 -0.096225
17 25 -0.0821995
17 26 0.176777
17 27 -5.62779e-010
17 28 -1.55395e-009
17 29 -7.01993e-011
17 30 0.0227921
17 31 -2.82683e-009
17 32 -0.0267261
17 33 -1.18744e-009
17 34 -1.01971e-010
17 35 1.01971e-010
17 36 -2.14658e-009
17 37 2.14658e-009
17 38 -3.08784e-010
17 39 3.08784e-010
17 40 8.95263e-010
17 41 -2.64267e-009
17 42 -1.59288e-009
17 43 -2.43308e-009
17 44 -1.6931e-009
17 45 2.79374e-010
17 46 8.74801e-010
17 47 -3.89746e-010
17 48 9.83242e-010
17 49 2.7347e-009
17 50 -3.38284e-009
17 51 -4.01532e-009
17 52 -4.65103e-009
17 53 -1.02609e-009
17 54 -5.22279e-012
17 55 5.22279e-012
17 56 2.83511e-009
17 57 -2.83511e-009
17 58 -1.09906e-010
17 59 1.09906e-010
17 60 -2.58122e-009
17 61 3.25447e-009
17 62 3.31192e-009
17 63 -2.77689e-009
17 64 -8.37345e-009
17 65 -4.97495e-009
17 66 -5.58e-010
17 67 -3.02785e-010
17 68 -1.41475e-009
17 69 9.52459e-011
17 70 5.90896e-010
17 71 -3.7592e-009
17 72 2.71702e-009
17 73 3.61756e-009
17 74 -3.24726e-009
17 75 -8.74327e-009
17 76 -3.27466e-009
17 77 -5.77326e-010
18 0 4.41889e-011
18 1 0
18 2 -4.41889e-011
18 3 -1.21973e-011
18 4 1.21973e-011
18 5 4.44256e-010
18 6 2.86297e-010
18 7 -2.86297e-010
18 8 -3.7633e-010
18 9 3.7633e-010
18 10 4.06229e-010
18 11 -4.06229e-010
18 12 6.62626e-010
18 13 0.0629941
18 14 2.73253e-010
18 15 9.39156e-011
18 16 -6.87241e-010
18 17 0.0755929
18 18 0.114286
18 19 -0.114286
18 20 2.09715e-010
18 21 -2.09715e-010
18 22 -2.70388e-010
18 23 2.70388e-010
18 24 -1.22561e-010
18 25 -0.0372822
18 26 0.133631
18 27 0.0502519
18 28 -4.09504e-010
18 29 -3.79713e-010
18 30 8.23381e-010
18 31 0.00921986
18 32 -0.0367328
18 33 0.0564599
18 34 3.22115e-010
18 35 -3.22115e-010
18 36 1.22068e-010
18 37 -1.22068e-010
18 38 -2.52817e-010
18 39 2.52817e-010
18 40 -7.37374e-010
18 41 -0.000945424
18 42 0.00409466
18 43 -0.00667222
18 44 4.19689e-010
18 45 -7.88227e-011
18 46 9.79467e-011
18 47 -1.67919e-010
18 48 3.92554e-010
18 49 7.45466e-010
18 50 -2.65721e-010
18 51 -6.78287e-010
18 52 3.26998e-011
18 53 1.21002e-010
18 54 -3.03129e-010
18 55 3.03129e-010
18 56 1.05842e-010
18 57 -1.05842e-010
18 58 -1.8443e-010
18 59 1.8443e-010
18 60 -4.40825e-010
18 61 -6.58683e-010
18 62 9.86148e-010
18 63 1.13593e-009
18 64 -1.70591e-010
18 65 -1.09488e-010
18 66 -4.64543e-010
18 67 1.24217e-010
18 68 -2.60929e-010
18 69 -4.97905e-011
18 70 4.58299e-010
18 71 -2.667e-010
18 72 -7.13564e-010
18 73 -1.13067e-010
18 74 1.18145e-009
18 75 1.63087e-009
18 76 3.63635e-010
18 77 -5.66248e-011
19 0 -4.41889e-011
19 1 0
19 2 4.41889e-011
19 3 1.21973e-011
19 4 -1.21973e-011
19 5 -4.44256e-010
19 6 -2.86297e-010
19 7 2.86297e-010
19 8 3.7633e-010
19 9 -3.7633e-010
19 10 -4.06229e-010
19 11 4.06229e-010
19 12 -6.62626e-010
19 13 -0.0629941
19 14 -2.73253e-010
19 15 -9.39156e-011
19 16 6.87241e-010
19 17 -0.0755929
19 18 -0.114286
19 19 0.114286
19 20 -2.09715e-010
19 21 2.09715e-010
19 22 2.70388e-010
19 23 -2.70388e-010
19 24 1.22561e-010
19 25 0.0372822
19 26 -0.133631
19 27 -0.0502519
19 28 4.09504e-010
19 29 3.79713e-010
19 30 -8.23381e-010
19 31 -0.00921986
19 32 0.0367328
19 33 -0.0564599
19 34 -3.22115e-010
19 35 3.22115e-010
19 36 -1.22068e-010
19 37 1.22068e-010
19 38 2.52817e-010
19 39 -2.52817e-010
19 40 7.37374e-010
19 41 0.000945424
19 42 -0.00409466
19 43 0.00667222
19 44 -4.19689e-010
19 45 7.88227e-011
19 46 -9.79467e-011
19 47 1.67919e-010
19 48 -3.92554e-010
19 49 -7.45466e-010
19 50 2.65721e-010
19 51 6.78287e-010
19 52 -3.26998e-011
19 53 -1.21002e-010
19 54 3.03129e-010
19 55 -3.03129e-010
19 56 -1.05842e-010
19 57 1.05842e-010
19 58 1.8443e-010
19 59 -1.8443e-010
19 60 4.40825e-010
19 61 6.58683e-010
19 62 -9.86148e-010
19 63 -1.13593e-009
19 64 1.70591e-010
19 65 1.09488e-010
19 66 4.64543e-010
19 67 -1.24217e-010
19 68 2.60929e-010
19 69 4.97905e-011
19 70 -4.58299e-010
19 71 2.667e-010
19 72 7.13564e-010
19 73 1.13067e-010
19 74 -1.18145e-009
19 75 -1.63087e-009
19 76 -3.63635e-010
19 77 5.66248e-011
20 0 -7.05349e-010
20 1 0
20 2 7.05349e-010
20 3 8.14054e-010
20 4 -8.14054e-010
20 5 1.09795e-009
20 6 7.30587e-010
20 7 -7.30587e-010
20 8 -1.39568e-009
20 9 1.39568e-009
20 10 -6.36536e-011
20 11 6.36536e-011
20 12 2.12626e-009
20 13 6.04057e-010
20 14 -0.157485
20 15 -0.157485
20 16 0.173678
20 17 -0.0188982
20 18 2.09715e-010
20 19 -2.09715e-010
20 20 0.35
20 21 -0.35
20 22 -0.15
20 23 0.15
20 24 -0.418251
20 25 0.11806
20 26 2.2493e-009
20 27 -2.08283e-010
20 28 -0.160806
20 29 -0.0402015
20 30 0.280954
20 31 -0.155969
20 32 2.62678e-009
20 33 4.11829e-010
20 34 -2.28531e-010
20 35 2.28531e-010
20 36 -1.61151e-009
20 37 1.61151e-009
20 38 1.73319e-010
20 39 -1.73319e-010
20 40 -0.0619441
20 41 0.0463258
20 42 -8.06495e-010
20 43 -2.1033e-010
20 44 -1.16643e-009
20 45 3.38074e-011
20 46 -1.05288e-010
20 47 -6.61695e-010
20 48 1.082e-009
20 49 5.199e-010
20 50 -3.50304e-009
20 51 -2.6827e-009
20 52 -3.56401e-009
20 53 -1.42765e-009
20 54 7.00967e-011
20 55 -7.00967e-011
20 56 1.9738e-009
20 57 -1.9738e-009
20 58 -3.44549e-010
20 59 3.44549e-010
20 60 -2.00402e-009
20 61 3.08687e-009
20 62 5.66806e-010
20 63 -3.81661e-009
20 64 -6.62689e-009
20 65 -4.97162e-009
20 66 -8.68501e-010
20 67 -1.14243e-010
20 68 -8.18263e-012
20 69 6.74345e-010
20 70 -6.89215e-010
20 71 -1.02987e-009
20 72 3.94472e-009
20 73 1.83804e-009
20 74 -4.60379e-009
20 75 -9.03408e-009
20 76 -3.93531e-009
20 77 -4.16279e-010
21 0 7.05349e-010
21 1 0
21 2 -7.05349e-010
21 3 -8.14054e-010
21 4 8.14054e-010
21 5 -1.09795e-009
21 6 -7.30587e-010
21 7 7.30587e-010
21 8 1.39568e-009
21 9 -1.39568e-009
21 10 6.36536e-011
21 11 -6.36536e-011
21 12 -2.12626e-009
21 13 -6.04057e-010
21 14 0.157485
21 15 0.157485
21 16 -0.173678
21 17 0.0188982
21 18 -2.09715e-010
21 19 2.09715e-010
21 20 -0.35
21 21 0.35
21 22 0.15
21 23 -0.15
21 24 0.418251
21 25 -0.11806
21 26 -2.2493e-009
21 27 2.08283e-010
21 28 0.160806
21 29 0.0402015
21 30 -0.280954
21 31 0.155969
21 32 -2.62678e-009
21 33 -4.11829e-010
21 34 2.28531e-010
21 35 -2.28531e-010
21 36 1.61151e-009
21 37 -1.61151e-009
21 38 -1.73319e-010
21 39 1.73319e-010
21 40 0.0619441
21 41 -0.0463258
21 42 8.06495e-010
21 43 2.1033e-010
21 44 1.16643e-009
21 45 -3.38074e-011
21 46 1.05288e-010
21 47 6.61695e-010
21 48 -1.082e-009
21 49 -5.199e-010
21 50 3.50304e-009
21 51 2.6827e-009
21 52 3.56401e-009
21 53 1.42765e-009
21 54 -7.00967e-011
21 55 7.00967e-011
21 56 -1.9738e-009
21 57 1.9738e-009
21 58 3.44549e-010
21 59 -3.44549e-010
21 60 2.00402e-009
21 61 -3.08687e-009
21 62 -5.66806e-010
21 63 3.81661e-009
21 64 6.62689e-009
21 65 4.97162e-009
21 66 8.68501e-010
21 67 1.14243e-010
21 68 8.18263e-012
21 69 -6.74345e-010
21 70 6.89215e-010
21 71 1.02987e-009
21 72 -3.94472e-009
21 73 -1.83804e-009
21 74 4.60379e-009
21 75 9.03408e-009
21 76 3.93531e-009
21 77 4.16279e-010
22 0 -6.44586e-011
22 1 0
22 2 6.44586e-011
22 3 2.80257e-010
22 4 -2.80257e-010
22 5 -1.15422e-010
22 6 7.12722e-011
22 7 -7.12722e-011
22 8 -6.63185e-011
22 9 6.63185e-011
22 10 -8.25542e-012
22 11 8.25542e-012
22 12 1.37591e-010
22 13 -2.30135e-010
22 14 0.031497
22 15 0.157485
22 16 -0.0578927
22 17 -0.0188982
22 18 -2.70388e-010
22 19 2.70388e-010
22 20 -0.15
22 21 0.15
22 22 0.35
22 23 -0.35
22 24 0.309142
22 25 0.11806
22 26 -1.00543e-009
22 27 1.14425e-010
22 28 0.140705
22 29 0.160806
22 30 -0.404299
22 31 -0.155969
22 32 -1.60772e-009
22 33 -5.07093e-010
22 34 2.00763e-010
22 35 -2.00763e-010
22 36 1.95123e-010
22 37 -1.95123e-010
22 38 -7.87763e-010
22 39 7.87763e-010
22 40 0.144536
22 41 0.0463258
22 42 -6.29684e-010
22 43 -7.64493e-010
22 44 3.00474e-010
22 45 -1.22751e-010
22 46 6.56432e-010
22 47 1.10296e-009
22 48 -4.83367e-010
22 49 1.56612e-009
22 50 1.70003e-009
22 51 1.0198e-010
22 52 4.22448e-010
22 53 2.39771e-010
22 54 -1.54159e-010
22 55 1.54159e-010
22 56 -4.44467e-010
22 57 4.44467e-010
22 58 1.12663e-009
22 59 -1.12663e-009
22 60 1.30626e-009
22 61 1.538e-010
22 62 1.35744e-009
22 63 2.19902e-009
22 64 1.382e-009
22 65 8.72778e-010
22 66 -7.97284e-011
22 67 1.57364e-010
22 68 -6.94907e-010
22 69 -1.24028e-009
22 70 3.94358e-010
22 71 -1.43325e-009
22 72 -2.17001e-009
22 73 -3.70084e-010
22 74 1.35037e-009
22 75 2.5726e-009
22 76 1.42077e-009
22 77 3.26414e-010
23 0 6.44586e-011
23 1 0
23 2 -6.44586e-011
23 3 -2.80257e-010
23 4 2.80257e-010
23 5 1.15422e-010
23 6 -7.12722e-011
23 7 7.12722e-011
23 8 6.63185e-011
23 9 -6.63185e-011
23 10 8.25542e-012
23 11 -8.25542e-012
23 12 -1.37591e-010
23 13 2.30135e-010
23 14 -0.031497
23 15 -0.157485
23 16 0.0578927
23 17 0.0188982
23 18 2.70388e-010
23 19 -2.70388e-010
23 20 0.15
23 21 -0.15
23 22 -0.35
23 23 0.35
23 24 -0.309142
23 25 -0.11806
23 26 1.00543e-009
23 27 -1.14425e-010
23 28 -0.140705
23 29 -0.160806
23 30 0.404299
23 31 0.155969
23 32 1.60772e-009
23 33 5.07093e-010
23 34 -2.00763e-010
23 35 2.00763e-010
23 36 -1.95123e-010
23 37 1.95123e-010
23 38 7.87763e-010
23 39 -7.87763e-010
23 40 -0.144536
23 41 -0.0463258
23 42 6.29684e-010
23 43 7.64493e-010
23 44 -3.00474e-010
23 45 1.22751e-010
23 46 -6.56432e-010
23 47 -1.10296e-009
23 48 4.83367e-010
23 49 -1.56612e-009
23 50 -1.70003e-009
23 51 -1.0198e-010
23 52 -4.22448e-010
23 53 -2.39771e-010
23 54 1.54159e-010
23 55 -1.54159e-010
23 56 4.44467e-010
23 57 -4.44467e-010
23 58 -1.12663e-009
23 59 1.12663e-009
23 60 -1.30626e-009
23 61 -1.538e-010
23 62 -1.35744e-009
23 63 -2.19902e-009
23 64 -1.382e-009
23 65 -8.72778e-010
23 66 7.97284e-011
23 67 -1.57364e-010
23 68 6.94907e-010
23 69 1.24028e-009
23 70 -3.94358e-010
23 71 1.43325e-009
23 72 2.17001e-009
23 73 3.70084e-010
23 74 -1.35037e-009
23 75 -2.5726e-009
23 76 -1.42077e-009
23 77 -3.26414e-010
24 0 1.01898e-009
24 1 0
24 2 -1.01898e-009
24 3 -9.48644e-010
24 4 9.48644e-010
24 5 -1.19379e-009
24 6 0.0135542
24 7 -0.0135542
24 8 -0.0271083
24 9 0.0271083
24 10 0.135542
24 11 -0.135542
24 12 0.0406625
24 13 0.0160375
24 14 0.240563
24 15 0.400938
24 16 -0.424476
24 17 -0.096225
24 18 -1.22561e-010
24 19 1.22561e-010
24 20 -0.418251
24 21 0.418251
24 22 0.309142
24 23 -0.309142
24 24 0.814815
24 25 0.0474579
24 26 -0.102062
24 27 1.45216e-010
24 28 0.179109
24 29 0.076761
24 30 -0.514399
24 31 0.144748
24 32 0.133262
24 33 -4.63455e-010
24 34 1.35927e-010
24 35 -1.35927e-010
24 36 1.75456e-009
24 37 -1.75456e-009
24 38 -4.1192e-010
24 39 4.1192e-010
24 40 0.110391
24 41 -0.0589698
24 42 -0.0291886
24 43 3.11989e-010
24 44 1.08304e-009
24 45 5.81446e-011
24 46 9.1406e-012
24 47 4.28603e-010
24 48 -8.8551e-010
24 49 -4.29513e-010
24 50 3.82461e-009
24 51 3.11879e-009
24 52 3.79333e-009
24 53 1.54232e-009
24 54 2.93945e-011
24 55 -2.93945e-011
24 56 -2.09646e-009
24 57 2.09646e-009
24 58 5.91969e-010
24 59 -5.91969e-010
24 60 2.04978e-009
24 61 -3.28466e-009
24 62 -9.66498e-010
24 63 3.55941e-009
24 64 6.82438e-009
24 65 5.29475e-009
24 66 1.19291e-009
24 67 2.15037e-011
24 68 1.12044e-010
24 69 -3.52444e-010
24 70 4.12624e-010
24 71 6.9918e-010
24 72 -4.21042e-009
24 73 -1.80367e-009
24 74 4.50229e-009
24 75 9.00274e-009
24 76 4.13118e-009
24 77 3.60178e-010
25 0 -2.4804e-009
25 1 0
25 2 2.4804e-009
25 3 3.15692e-009
25 4 -3.15692e-009
25 5 2.38594e-009
25 6 -0.0115785
25 7 0.0115785
25 8 0.0231571
25 9 -0.0231571
25 10 0.0231571
25 11 -0.0231571
25 12 -0.0347356
25 13 -0.0547997
25 14 -0.136999
25 15 0.136999
25 16 0.161158
25 17 -0.0821995
25 18 -0.0372822
25 19 0.0372822
25 20 0.11806
25 21 -0.11806
25 22 0.11806
25 23 -0.11806
25 24 0.0474579
25 25 0.513514
25 26 0.116248
25 27 5.92697e-011
25 28 -0.0306005
25 29 0.0306005
25 30 -0.109004
25 31 -0.210539
25 32 0.183739
25 33 0.114603
25 34 -9.70158e-012
25 35 9.70158e-012
25 36 -2.97209e-009
25 37 2.97209e-009
25 38 8.25527e-010
25 39 -8.25527e-010
25 40 0.0314337
25 41 0.0215891
25 42 -0.0498682
25 43 -0.0135433
25 44 -1.63954e-009
25 45 -2.50872e-010
25 46 2.60873e-009
25 47 -5.40892e-010
25 48 -2.64323e-009
25 49 4.80536e-009
25 50 7.28465e-010
25 51 -4.61297e-009
25 52 -4.74748e-009
25 53 -1.11566e-009
25 54 -7.10444e-011
25 55 7.10444e-011
25 56 2.2594e-009
25 57 -2.2594e-009
25 58 -7.68251e-010
25 59 7.68251e-010
25 60 -1.44705e-009
25 61 -1.55967e-009
25 62 2.15554e-009
25 63 1.27523e-009
25 64 -4.2394e-009
25 65 -1.92944e-009
25 66 -7.15115e-011
25 67 2.84707e-010
25 68 -2.76426e-009
25 69 5.05208e-010
25 70 2.36591e-009
25 71 -4.36098e-009
25 72 8.20797e-010
25 73 3.39329e-009
25 74 -1.70317e-010
25 75 -5.27111e-010
25 76 1.70476e-009
25 77 8.20077e-010
26 0 -1.8018e-009
26 1 0
26 2 1.8018e-009
26 3 2.15813e-009
26 4 -2.15813e-009
26 5 2.27404e-009
26 6 1.07431e-009
26 7 -1.07431e-009
26 8 -2.49004e-009
26 9 2.49004e-009
26 10 1.10921e-009
26 11 -1.10921e-009
26 12 3.56435e-009
26 13 0.0589256
26 14 1.66495e-009
26 15 -6.30897e-010
26 16 0.108307
26 17 0.176777
26 18 0.133631
26 19 -0.133631
26 20 2.2493e-009
26 21 -2.2493e-009
26 22 -1.00543e-009
26 23 1.00543e-009
26 24 -0.102062
26 25 0.116248
26 26 0.375
26 27 0.0671519
26 28 -1.91435e-009
26 29 1.06e-010
26 30 0.0384597
26 31 -0.0934309
26 32 -0.0257703
26 33 0.176045
26 34 4.45048e-010
26 35 -4.45048e-010
26 36 -1.81636e-009
26 37 1.81636e-009
26 38 5.22921e-010
26 39 -5.22921e-010
26 40 -0.00551842
26 41 0.0176873
26 42 -0.00766041
26 43 -0.0208043
26 44 -5.27748e-010
26 45 -2.45345e-010
26 46 1.99119e-009
26 47 -6.01834e-010
26 48 -1.58053e-009
26 49 4.01172e-009
26 50 2.57175e-010
26 51 -3.97983e-009
26 52 -2.96119e-009
26 53 -3.87138e-010
26 54 -4.52997e-010
26 55 4.52997e-010
26 56 1.64333e-009
26 57 -1.64333e-009
26 58 -1.13185e-009
26 59 1.13185e-009
26 60 -1.64966e-009
26 61 -2.46189e-009
26 62 2.88096e-009
26 63 2.74061e-009
26 64 -2.59284e-009
26 65 -8.54644e-010
26 66 -5.22706e-010
26 67 3.41505e-010
26 68 -2.34352e-009
26 69 2.47214e-010
26 70 2.62287e-009
26 71 -3.01396e-009
26 72 -5.46403e-010
26 73 2.25776e-009
26 74 2.19494e-009
26 75 2.83235e-009
26 76 2.05154e-009
26 77 4.93378e-010
27 0 -3.12615e-010
27 1 0
27 2 3.12615e-010
27 3 4.15576e-010
27 4 -4.15576e-010
27 5 -2.98248e-010
27 6 -1.86365e-010
27 7 1.86365e-010
27 8 4.59812e-010
27 9 -4.59812e-010
27 10 -1.56906e-010
27 11 1.56906e-010
27 12 -6.46177e-010
27 13 -4.27197e-010
27 14 -1.58658e-010
27 15 7.32536e-012
27 16 3.30585e-010
27 17 -5.62779e-010
27 18 0.0502519
27 19 -0.0502519
27 20 -2.08283e-010
27 21 2.08283e-010
27 22 1.14425e-010
27 23 -1.14425e-010
27 24 1.45216e-010
27 25 5.92697e-011
27 26 0.0671519
27 27 0.0925926
27 28 3.29607e-010
27 29 2.02628e-010
27 30 -5.02253e-010
27 31 7.61985e-011
27 32 -0.025381
27 33 0.12137
27 34 0.0418121
27 35 -0.0418121
27 36 -3.30794e-010
27 37 3.30794e-010
27 38 2.8868e-010
27 39 -2.8868e-010
27 40 8.66969e-010
27 41 -1.19959e-010
27 42 0.00522325
27 43 -0.0264794
27 44 0.0533761
27 45 -3.60197e-010
27 46 3.88748e-010
27 47 2.76797e-010
27 48 -1.08519e-009
27 49 4.63796e-010
27 50 -0.000461663
27 51 0.0024652
27 52 -0.00515344
27 53 -4.82005e-010
27 54 -7.58173e-011
27 55 7.58173e-011
27 56 -2.92702e-010
27 57 2.92702e-010
27 58 9.55289e-011
27 59 -9.55289e-011
27 60 7.6855e-010
27 61 -6.66797e-010
27 62 -7.2967e-010
27 63 9.88029e-010
27 64 1.10952e-009
27 65 5.45458e-011
27 66 -3.51676e-010
27 67 3.48609e-010
27 68 -1.17521e-010
27 69 -1.43377e-010
27 70 3.66789e-011
27 71 2.47138e-010
27 72 -4.1838e-011
27 73 -6.70753e-010
27 74 -1.24902e-010
27 75 1.46728e-009
27 76 8.96748e-010
27 77 5.80435e-010
28 0 -6.84377e-010
28 1 0
28 2 6.84377e-010
28 3 6.61719e-010
28 4 -6.61719e-010
28 5 4.52611e-011
28 6 -1.62037e-010
28 7 1.62037e-010
28 8 2.27801e-011
28 9 -2.27801e-011
28 10 6.52481e-010
28 11 -6.52481e-010
28 12 -1.84817e-010
28 13 -6.67205e-010
28 14 5.1955e-010
28 15 3.24118e-010
28 16 -1.35227e-009
28 17 -1.55395e-009
28 18 -4.09504e-010
28 19 4.09504e-010
28 20 -0.160806
28 21 0.160806
28 22 0.140705
28 23 -0.140705
28 24 0.179109
28 25 -0.0306005
28 26 -1.91435e-009
28 27 3.29607e-010
28 28 0.344444
28 29 0.155556
28 30 -0.424242
28 31 0.142701
28 32 -2.59143e-009
28 33 -7.53626e-010
28 34 3.27884e-010
28 35 -3.27884e-010
28 36 -0.162603
28 37 0.162603
28 38 0.0464579
28 39 -0.0464579
28 40 0.305534
28 41 -0.169404
28 42 -7.25533e-010
28 43 -1.55208e-009
28 44 5.32513e-010
28 45 -2.94393e-010
28 46 1.16259e-009
28 47 6.74012e-010
28 48 -0.0724569
28 49 0.0523243
28 50 2.80495e-009
28 51 -9.17048e-011
28 52 8.668e-010
28 53 5.2113e-010
28 54 -2.43982e-010
28 55 2.43982e-010
28 56 -6.84572e-010
28 57 6.84572e-010
28 58 -2.05811e-010
28 59 2.05811e-010
28 60 1.15846e-009
28 61 -2.82247e-009
28 62 7.65913e-010
28 63 4.02776e-009
28 64 3.67133e-009
28 65 2.81461e-009
28 66 1.49516e-010
28 67 3.72042e-010
28 68 -1.10492e-009
28 69 -8.001e-010
28 70 1.68288e-009
28 71 -3.472e-010
28 72 -2.62818e-009
28 73 -4.77583e-010
28 74 3.72184e-009
28 75 7.30157e-009
28 76 3.60947e-009
28 77 7.68419e-010
29 0 -1.10351e-009
29 1 0
29 2 1.10351e-009
