0 0 0.5
0 1 -0.5
0 2 0
0 3 -8.40552e-010
0 4 0.408248
0 5 -0.408248
0 6 -5.93608e-010
0 7 5.93608e-010
0 8 2.96804e-010
0 9 -2.96804e-010
0 10 2.96804e-010
0 11 -2.96804e-010
0 12 -1.08515e-009
0 13 5.59195e-011
0 14 -1.90083e-010
0 15 1.90083e-010
0 16 -1.05489e-010
0 17 -2.05119e-009
0 18 -1.66574e-010
0 19 1.66574e-010
0 20 -2.80597e-010
0 21 2.80597e-010
0 22 -2.80597e-010
0 23 2.80597e-010
0 24 5.16692e-010
0 25 -2.34829e-009
0 26 -1.79174e-009
0 27 -5.04718e-010
0 28 2.09262e-010
0 29 -2.09262e-010
0 30 1.8053e-010
0 31 3.16189e-010
0 32 -4.09774e-009
0 33 -8.34232e-010
0 34 1.44683e-010
0 35 -1.44683e-010
0 36 2.53304e-010
0 37 -2.53304e-010
0 38 2.53304e-010
0 39 -2.53304e-010
0 40 -4.72595e-010
0 41 1.93169e-009
0 42 -8.8868e-010
0 43 -8.39746e-010
0 44 4.24545e-010
0 45 8.56878e-010
0 46 -2.41882e-010
0 47 2.41882e-010
0 48 -5.06479e-011
0 49 3.30021e-012
0 50 2.42198e-009
0 51 1.17012e-009
0 52 4.85131e-009
0 53 1.54588e-009
0 54 1.98081e-011
0 55 -1.98081e-011
0 56 -2.16973e-010
0 57 2.16973e-010
0 58 -2.16973e-010
0 59 2.16973e-010
0 60 4.01172e-010
0 61 -1.6098e-009
0 62 1.21853e-009
0 63 2.4847e-009
0 64 5.0661e-009
0 65 4.90841e-009
0 66 2.96449e-009
0 67 -8.51236e-010
0 68 2.7445e-010
0 69 -2.7445e-010
0 70 -8.49015e-011
0 71 -5.4309e-011
0 72 -1.57808e-009
0 73 -3.48263e-010
0 74 9.32393e-010
0 75 7.98361e-009
0 76 3.00645e-009
0 77 2.46191e-010
1 0 -0.5
1 1 0.5
1 2 0
1 3 8.40552e-010
1 4 -0.408248
1 5 0.408248
1 6 5.93608e-010
1 7 -5.93608e-010
1 8 -2.96804e-010
1 9 2.96804e-010
1 10 -2.96804e-010
1 11 2.96804e-010
1 12 1.08515e-009
1 13 -5.59195e-011
1 14 1.90083e-010
1 15 -1.90083e-010
1 16 1.05489e-010
1 17 2.05119e-009
1 18 1.66574e-010
1 19 -1.66574e-010
1 20 2.80597e-010
1 21 -2.80597e-010
1 22 2.80597e-010
1 23 -2.80597e-010
1 24 -5.16692e-010
1 25 2.34829e-009
1 26 1.79174e-009
1 27 5.04718e-010
1 28 -2.09262e-010
1 29 2.09262e-010
1 30 -1.8053e-010
1 31 -3.16189e-010
1 32 4.09774e-009
1 33 8.34232e-010
1 34 -1.44683e-010
1 35 1.44683e-010
1 36 -2.53304e-010
1 37 2.53304e-010
1 38 -2.53304e-010
1 39 2.53304e-010
1 40 4.72595e-010
1 41 -1.93169e-009
1 42 8.8868e-010
1 43 8.39746e-010
1 44 -4.24545e-010
1 45 -8.56878e-010
1 46 2.41882e-010
1 47 -2.41882e-010
1 48 5.06479e-011
1 49 -3.30021e-012
1 50 -2.42198e-009
1 51 -1.17012e-009
1 52 -4.85131e-009
1 53 -1.54588e-009
1 54 -1.98081e-011
1 55 1.98081e-011
1 56 2.16973e-010
1 57 -2.16973e-010
1 58 2.16973e-010
1 59 -2.16973e-010
1 60 -4.01172e-010
1 61 1.6098e-009
1 62 -1.21853e-009
1 63 -2.4847e-009
1 64 -5.0661e-009
1 65 -4.90841e-009
1 66 -2.96449e-009
1 67 8.51236e-010
1 68 -2.7445e-010
1 69 2.7445e-010
1 70 8.49015e-011
1 71 5.4309e-011
1 72 1.57808e-009
1 73 3.48263e-010
1 74 -9.32393e-010
1 75 -7.98361e-009
1 76 -3.00645e-009
1 77 -2.46191e-010
2 0 0
2 1 0
2 2 0
2 3 0
2 4 0
2 5 0
2 6 0
2 7 0
2 8 0
2 9 0
2 10 0
2 11 0
2 12 0
2 13 0
2 14 0
2 15 0
2 16 0
2 17 0
2 18 0
2 19 0
2 20 0
2 21 0
2 22 0
2 23 0
2 24 0
2 25 0
2 26 0
2 27 0
2 28 0
2 29 0
2 30 0
2 31 0
2 32 0
2 33 0
2 34 0
2 35 0
2 36 0
2 37 0
2 38 0
2 39 0
2 40 0
2 41 0
2 42 0
2 43 0
2 44 0
2 45 0
2 46 0
2 47 0
2 48 0
2 49 0
2 50 0
2 51 0
2 52 0
2 53 0
2 54 0
2 55 0
2 56 0
2 57 0
2 58 0
2 59 0
2 60 0
2 61 0
2 62 0
2 63 0
2 64 0
2 65 0
2 66 0
2 67 0
2 68 0
2 69 0
2 70 0
2 71 0
2 72 0
2 73 0
2 74 0
2 75 0
2 76 0
2 77 0
3 0 -8.40552e-010
3 1 8.40552e-010
3 2 0
3 3 0.5
3 4 -6.86308e-010
3 5 6.86308e-010
3 6 4.34633e-010
3 7 -4.34633e-010
3 8 1.37599e-010
3 9 -1.37599e-010
3 10 1.37599e-010
3 11 -1.37599e-010
3 12 0.387298
3 13 3.99131e-010
3 14 1.73317e-010
3 15 -1.73317e-010
3 16 -0.112306
3 17 2.35662e-009
3 18 2.51619e-010
3 19 -2.51619e-010
3 20 -3.39674e-011
3 21 3.39674e-011
3 22 -3.39674e-011
3 23 3.39674e-011
3 24 -6.55389e-010
3 25 2.78899e-009
3 26 1.76126e-009
3 27 -9.24723e-011
3 28 -1.49004e-010
3 29 1.49004e-010
3 30 -9.82056e-010
3 31 -1.09762e-009
3 32 2.27827e-009
3 33 3.8915e-011
3 34 -4.16643e-010
3 35 4.16643e-010
3 36 6.62947e-011
3 37 -6.62947e-011
3 38 6.62947e-011
3 39 -6.62947e-011
3 40 4.9907e-010
3 41 -1.97674e-009
3 42 -1.41628e-010
3 43 -1.05123e-009
3 44 -9.23956e-010
3 45 -7.6435e-011
3 46 1.02376e-010
3 47 -1.02376e-010
3 48 9.25874e-010
3 49 6.90492e-010
3 50 -2.01683e-009
3 51 -5.15813e-010
3 52 -2.98742e-009
3 53 -2.25724e-009
3 54 2.2326e-010
3 55 -2.2326e-010
3 56 -8.79337e-011
3 57 8.79337e-011
3 58 -8.79337e-011
3 59 8.79337e-011
3 60 -4.90208e-010
3 61 1.50621e-009
3 62 6.67127e-011
3 63 2.94165e-010
3 64 -4.87346e-009
3 65 -5.20088e-009
3 66 -9.29105e-010
3 67 1.76597e-011
3 68 -3.8513e-011
3 69 3.8513e-011
3 70 -8.67119e-010
3 71 -4.73982e-010
3 72 1.90312e-009
3 73 3.81702e-010
3 74 -3.22284e-009
3 75 -8.6313e-009
3 76 -3.11793e-009
3 77 8.23719e-010
4 0 0.408248
4 1 -0.408248
4 2 0
4 3 -6.86308e-010
4 4 0.5
4 5 -0.5
4 6 -7.07728e-010
4 7 7.07728e-010
4 8 0.129099
4 9 -0.129099
4 10 0.129099
4 11 -0.129099
4 12 -1.12263e-009
4 13 -4.13785e-010
4 14 -3.264e-010
4 15 3.264e-010
4 16 -2.35219e-010
4 17 -2.43521e-009
4 18 -1.41011e-010
4 19 1.41011e-010
4 20 -2.77101e-010
4 21 2.77101e-010
4 22 -2.77101e-010
4 23 2.77101e-010
4 24 6.78832e-010
4 25 -2.7627e-009
4 26 -2.45066e-009
4 27 5.55068e-011
4 28 2.99737e-010
4 29 -2.99737e-010
4 30 1.38248e-010
4 31 4.04048e-010
4 32 -4.15992e-009
4 33 -6.35259e-010
4 34 1.6242e-010
4 35 -1.6242e-010
4 36 2.47679e-010
4 37 -2.47679e-010
4 38 2.47679e-010
4 39 -2.47679e-010
4 40 -5.10507e-010
4 41 2.27129e-009
4 42 -1.22015e-009
4 43 -3.07769e-010
4 44 1.51251e-009
4 45 2.57441e-010
4 46 -3.12716e-010
4 47 3.12716e-010
4 48 -3.35657e-011
4 49 -3.33761e-011
4 50 2.69926e-009
4 51 1.8081e-009
4 52 4.82306e-009
4 53 1.73529e-009
4 54 1.80579e-011
4 55 -1.80579e-011
4 56 -2.08569e-010
4 57 2.08569e-010
4 58 -2.08569e-010
4 59 2.08569e-010
4 60 4.01509e-010
4 61 -1.88824e-009
4 62 1.54878e-009
4 63 2.60214e-009
4 64 5.69368e-009
4 65 5.50947e-009
4 66 1.53879e-009
4 67 -2.16868e-010
4 68 3.34517e-010
4 69 -3.34517e-010
4 70 -4.54196e-011
4 71 -2.47317e-011
4 72 -2.03746e-009
4 73 -8.72195e-010
4 74 1.42e-009
4 75 8.96031e-009
4 76 3.88227e-009
4 77 2.1328e-010
5 0 -0.408248
5 1 0.408248
5 2 0
5 3 6.86308e-010
5 4 -0.5
5 5 0.5
5 6 7.07728e-010
5 7 -7.07728e-010
5 8 -0.129099
5 9 0.129099
5 10 -0.129099
5 11 0.129099
5 12 1.12263e-009
5 13 4.13785e-010
5 14 3.264e-010
5 15 -3.264e-010
5 16 2.35219e-010
5 17 2.43521e-009
5 18 1.41011e-010
5 19 -1.41011e-010
5 20 2.77101e-010
5 21 -2.77101e-010
5 22 2.77101e-010
5 23 -2.77101e-010
5 24 -6.78832e-010
5 25 2.7627e-009
5 26 2.45066e-009
5 27 -5.55068e-011
5 28 -2.99737e-010
5 29 2.99737e-010
5 30 -1.38248e-010
5 31 -4.04048e-010
5 32 4.15992e-009
5 33 6.35259e-010
5 34 -1.6242e-010
5 35 1.6242e-010
5 36 -2.47679e-010
5 37 2.47679e-010
5 38 -2.47679e-010
5 39 2.47679e-010
5 40 5.10507e-010
5 41 -2.27129e-009
5 42 1.22015e-009
5 43 3.07769e-010
5 44 -1.51251e-009
5 45 -2.57441e-010
5 46 3.12716e-010
5 47 -3.12716e-010
5 48 3.35657e-011
5 49 3.33761e-011
5 50 -2.69926e-009
5 51 -1.8081e-009
5 52 -4.82306e-009
5 53 -1.73529e-009
5 54 -1.80579e-011
5 55 1.80579e-011
5 56 2.08569e-010
5 57 -2.08569e-010
5 58 2.08569e-010
5 59 -2.08569e-010
5 60 -4.01509e-010
5 61 1.88824e-009
5 62 -1.54878e-009
5 63 -2.60214e-009
5 64 -5.69368e-009
5 65 -5.50947e-009
5 66 -1.53879e-009
5 67 2.16868e-010
5 68 -3.34517e-010
5 69 3.34517e-010
5 70 4.54196e-011
5 71 2.47317e-011
5 72 2.03746e-009
5 73 8.72195e-010
5 74 -1.42e-009
5 75 -8.96031e-009
5 76 -3.88227e-009
5 77 -2.1328e-010
6 0 -5.93608e-010
6 1 5.93608e-010
6 2 0
6 3 4.34633e-010
6 4 -7.07728e-010
6 5 7.07728e-010
6 6 0.333333
6 7 -0.333333
6 8 2.79948e-011
6 9 -2.79948e-011
6 10 2.79948e-011
6 11 -2.79948e-011
6 12 1.28564e-009
6 13 6.54065e-010
6 14 2.73718e-010
6 15 -2.73718e-010
6 16 5.11071e-010
6 17 0.338062
6 18 -6.73833e-011
6 19 6.73833e-011
6 20 -2.96817e-011
6 21 2.96817e-011
6 22 -2.96817e-011
6 23 2.96817e-011
6 24 -1.054e-009
6 25 -0.0694713
6 26 4.56387e-010
6 27 -9.91343e-010
6 28 -1.75075e-010
6 29 1.75075e-010
6 30 -6.53177e-011
6 31 -1.61055e-010
6 32 -9.25663e-010
6 33 -4.8777e-010
6 34 -2.60895e-011
6 35 2.60895e-011
6 36 3.2025e-011
6 37 -3.2025e-011
6 38 3.2025e-011
6 39 -3.2025e-011
6 40 6.26018e-010
6 41 -5.66163e-010
6 42 2.32707e-010
6 43 -1.19371e-009
6 44 -2.25854e-009
6 45 1.02313e-009
6 46 1.30875e-010
6 47 -1.30875e-010
6 48 2.34031e-012
6 49 7.79663e-011
6 50 2.19235e-010
6 51 -1.25878e-009
6 52 -1.0952e-009
6 53 -2.78606e-010
6 54 5.28075e-012
6 55 -5.28075e-012
6 56 -3.50237e-011
6 57 3.50237e-011
6 58 -3.50237e-011
6 59 3.50237e-011
6 60 -4.33895e-010
6 61 4.62159e-010
6 62 -1.4971e-010
6 63 -5.16011e-011
6 64 -2.4469e-009
6 65 -8.83839e-010
6 66 2.60663e-009
6 67 -1.06213e-009
6 68 -1.05476e-010
6 69 1.05476e-010
6 70 -2.92908e-011
6 71 -6.69732e-011
6 72 2.37077e-010
6 73 1.08239e-009
6 74 -1.18836e-009
6 75 -1.4356e-009
6 76 -6.98628e-010
6 77 8.92502e-011
7 0 5.93608e-010
7 1 -5.93608e-010
7 2 0
7 3 -4.34633e-010
7 4 7.07728e-010
7 5 -7.07728e-010
7 6 -0.333333
7 7 0.333333
7 8 -2.79948e-011
7 9 2.79948e-011
7 10 -2.79948e-011
7 11 2.79948e-011
7 12 -1.28564e-009
7 13 -6.54065e-010
7 14 -2.73718e-010
7 15 2.73718e-010
7 16 -5.11071e-010
7 17 -0.338062
7 18 6.73833e-011
7 19 -6.73833e-011
7 20 2.96817e-011
7 21 -2.96817e-011
7 22 2.96817e-011
7 23 -2.96817e-011
7 24 1.054e-009
7 25 0.0694713
7 26 -4.56387e-010
7 27 9.91343e-010
7 28 1.75075e-010
7 29 -1.75075e-010
7 30 6.53177e-011
7 31 1.61055e-010
7 32 9.25663e-010
7 33 4.8777e-010
7 34 2.60895e-011
7 35 -2.60895e-011
7 36 -3.2025e-011
7 37 3.2025e-011
7 38 -3.2025e-011
7 39 3.2025e-011
7 40 -6.26018e-010
7 41 5.66163e-010
7 42 -2.32707e-010
7 43 1.19371e-009
7 44 2.25854e-009
7 45 -1.02313e-009
7 46 -1.30875e-010
7 47 1.30875e-010
7 48 -2.34031e-012
7 49 -7.79663e-011
7 50 -2.19235e-010
7 51 1.25878e-009
7 52 1.0952e-009
7 53 2.78606e-010
7 54 -5.28075e-012
7 55 5.28075e-012
7 56 3.50237e-011
7 57 -3.50237e-011
7 58 3.50237e-011
7 59 -3.50237e-011
7 60 4.33895e-010
7 61 -4.62159e-010
7 62 1.4971e-010
7 63 5.16011e-011
7 64 2.4469e-009
7 65 8.83839e-010
7 66 -2.60663e-009
7 67 1.06213e-009
7 68 1.05476e-010
7 69 -1.05476e-010
7 70 2.92908e-011
7 71 6.69732e-011
7 72 -2.37077e-010
7 73 -1.08239e-009
7 74 1.18836e-009
7 75 1.4356e-009
7 76 6.98628e-010
7 77 -8.92502e-011
8 0 2.96804e-010
8 1 -2.96804e-010
8 2 0
8 3 1.37599e-010
8 4 0.129099
8 5 -0.129099
8 6 2.79948e-011
8 7 -2.79948e-011
8 8 0.166667
8 9 -0.166667
8 10 0.166667
8 11 -0.166667
8 12 1.50232e-010
8 13 -6.23744e-011
8 14 0.0563436
8 15 -0.0563436
8 16 -1.22038e-015
8 17 1.0765e-010
8 18 6.88576e-011
8 19 -6.88576e-011
8 20 7.40783e-011
8 21 -7.40783e-011
8 22 7.40783e-011
8 23 -7.40783e-011
8 24 -5.48188e-011
8 25 1.49971e-010
8 26 1.78898e-010
8 27 1.36789e-010
8 28 4.33579e-011
8 29 -4.33579e-011
8 30 -3.06136e-011
8 31 1.37695e-011
8 32 5.76499e-010
8 33 4.20008e-010
8 34 -1.75001e-011
8 35 1.75001e-011
8 36 -6.94892e-011
8 37 6.94892e-011
8 38 -6.94892e-011
8 39 6.94892e-011
8 40 6.29268e-011
8 41 -1.24738e-010
8 42 8.81919e-011
8 43 7.74147e-010
8 44 6.55513e-011
8 45 -1.91495e-010
8 46 -1.43688e-011
8 47 1.43688e-011
8 48 9.19301e-012
8 49 -3.96783e-011
8 50 -3.12878e-010
8 51 3.82356e-010
8 52 -6.94317e-010
8 53 -1.87066e-010
8 54 -6.82252e-012
8 55 6.82252e-012
8 56 6.33219e-011
8 57 -6.33219e-011
8 58 6.33219e-011
8 59 -6.33219e-011
8 60 -5.71059e-011
8 61 1.08783e-010
8 62 -1.35319e-010
8 63 -4.9877e-010
8 64 -6.48943e-010
8 65 -5.94348e-010
8 66 -5.87423e-010
8 67 1.94737e-010
8 68 -5.20191e-012
8 69 5.20191e-012
8 70 1.66671e-011
8 71 4.49529e-011
8 72 1.71576e-010
8 73 -4.67666e-010
8 74 -7.63313e-011
8 75 -9.67702e-010
8 76 -3.268e-010
8 77 -9.66069e-011
9 0 -2.96804e-010
9 1 2.96804e-010
9 2 0
9 3 -1.37599e-010
9 4 -0.129099
9 5 0.129099
9 6 -2.79948e-011
9 7 2.79948e-011
9 8 -0.166667
9 9 0.166667
9 10 -0.166667
9 11 0.166667
9 12 -1.50232e-010
9 13 6.23744e-011
9 14 -0.0563436
9 15 0.0563436
9 16 1.22038e-015
9 17 -1.0765e-010
9 18 -6.88576e-011
9 19 6.88576e-011
9 20 -7.40783e-011
9 21 7.40783e-011
9 22 -7.40783e-011
9 23 7.40783e-011
9 24 5.48188e-011
9 25 -1.49971e-010
9 26 -1.78898e-010
9 27 -1.36789e-010
9 28 -4.33579e-011
9 29 4.33579e-011
9 30 3.06136e-011
9 31 -1.37695e-011
9 32 -5.76499e-010
9 33 -4.20008e-010
9 34 1.75001e-011
9 35 -1.75001e-011
9 36 6.94892e-011
9 37 -6.94892e-011
9 38 6.94892e-011
9 39 -6.94892e-011
9 40 -6.29268e-011
9 41 1.24738e-010
9 42 -8.81919e-011
9 43 -7.74147e-010
9 44 -6.55513e-011
9 45 1.91495e-010
9 46 1.43688e-011
9 47 -1.43688e-011
9 48 -9.19301e-012
9 49 3.96783e-011
9 50 3.12878e-010
9 51 -3.82356e-010
9 52 6.94317e-010
9 53 1.87066e-010
9 54 6.82252e-012
9 55 -6.82252e-012
9 56 -6.33219e-011
9 57 6.33219e-011
9 58 -6.33219e-011
9 59 6.33219e-011
9 60 5.71059e-011
9 61 -1.08783e-010
9 62 1.35319e-010
9 63 4.9877e-010
9 64 6.48943e-010
9 65 5.94348e-010
9 66 5.87423e-010
9 67 -1.94737e-010
9 68 5.20191e-012
9 69 -5.20191e-012
9 70 -1.66671e-011
9 71 -4.49529e-011
9 72 -1.71576e-010
9 73 4.67666e-010
9 74 7.63313e-011
9 75 9.67702e-010
9 76 3.268e-010
9 77 9.66069e-011
10 0 2.96804e-010
10 1 -2.96804e-010
10 2 0
10 3 1.37599e-010
10 4 0.129099
10 5 -0.129099
10 6 2.79948e-011
10 7 -2.79948e-011
10 8 0.166667
10 9 -0.166667
10 10 0.166667
10 11 -0.166667
10 12 1.50232e-010
10 13 -6.23744e-011
10 14 0.0563436
10 15 -0.0563436
10 16 -1.22038e-015
10 17 1.0765e-010
10 18 6.88576e-011
10 19 -6.88576e-011
10 20 7.40783e-011
10 21 -7.40783e-011
10 22 7.40783e-011
10 23 -7.40783e-011
10 24 -5.48188e-011
10 25 1.49971e-010
10 26 1.78898e-010
10 27 1.36789e-010
10 28 4.33579e-011
10 29 -4.33579e-011
10 30 -3.06136e-011
10 31 1.37695e-011
10 32 5.76499e-010
10 33 4.20008e-010
10 34 -1.75001e-011
10 35 1.75001e-011
10 36 -6.94892e-011
10 37 6.94892e-011
10 38 -6.94892e-011
10 39 6.94892e-011
10 40 6.29268e-011
10 41 -1.24738e-010
10 42 8.81919e-011
10 43 7.74147e-010
10 44 6.55513e-011
10 45 -1.91495e-010
10 46 -1.43688e-011
10 47 1.43688e-011
10 48 9.19301e-012
10 49 -3.96783e-011
10 50 -3.12878e-010
10 51 3.82356e-010
10 52 -6.94317e-010
10 53 -1.87066e-010
10 54 -6.82252e-012
10 55 6.82252e-012
10 56 6.33219e-011
10 57 -6.33219e-011
10 58 6.33219e-011
10 59 -6.33219e-011
10 60 -5.71059e-011
10 61 1.08783e-010
10 62 -1.35319e-010
10 63 -4.9877e-010
10 64 -6.48943e-010
10 65 -5.94348e-010
10 66 -5.87423e-010
10 67 1.94737e-010
10 68 -5.20191e-012
10 69 5.20191e-012
10 70 1.66671e-011
10 71 4.49529e-011
10 72 1.71576e-010
10 73 -4.67666e-010
10 74 -7.63313e-011
10 75 -9.67702e-010
10 76 -3.268e-010
10 77 -9.66069e-011
11 0 -2.96804e-010
11 1 2.96804e-010
11 2 0
11 3 -1.37599e-010
11 4 -0.129099
11 5 0.129099
11 6 -2.79948e-011
11 7 2.79948e-011
11 8 -0.166667
11 9 0.166667
11 10 -0.166667
11 11 0.166667
11 12 -1.50232e-010
11 13 6.23744e-011
11 14 -0.0563436
11 15 0.0563436
11 16 1.22038e-015
11 17 -1.0765e-010
11 18 -6.88576e-011
11 19 6.88576e-011
11 20 -7.40783e-011
11 21 7.40783e-011
11 22 -7.40783e-011
11 23 7.40783e-011
11 24 5.48188e-011
11 25 -1.49971e-010
11 26 -1.78898e-010
11 27 -1.36789e-010
11 28 -4.33579e-011
11 29 4.33579e-011
11 30 3.06136e-011
11 31 -1.37695e-011
11 32 -5.76499e-010
11 33 -4.20008e-010
11 34 1.75001e-011
11 35 -1.75001e-011
11 36 6.94892e-011
11 37 -6.94892e-011
11 38 6.94892e-011
11 39 -6.94892e-011
11 40 -6.29268e-011
11 41 1.24738e-010
11 42 -8.81919e-011
11 43 -7.74147e-010
11 44 -6.55513e-011
11 45 1.91495e-010
11 46 1.43688e-011
11 47 -1.43688e-011
11 48 -9.19301e-012
11 49 3.96783e-011
11 50 3.12878e-010
11 51 -3.82356e-010
11 52 6.94317e-010
11 53 1.87066e-010
11 54 6.82252e-012
11 55 -6.82252e-012
11 56 -6.33219e-011
11 57 6.33219e-011
11 58 -6.33219e-011
11 59 6.33219e-011
11 60 5.71059e-011
11 61 -1.08783e-010
11 62 1.35319e-010
11 63 4.9877e-010
11 64 6.48943e-010
11 65 5.94348e-010
11 66 5.87423e-010
11 67 -1.94737e-010
11 68 5.20191e-012
11 69 -5.20191e-012
11 70 -1.66671e-011
11 71 -4.49529e-011
11 72 -1.71576e-010
11 73 4.67666e-010
11 74 7.63313e-011
11 75 9.67702e-010
11 76 3.268e-010
11 77 9.66069e-011
12 0 -1.08515e-009
12 1 1.08515e-009
12 2 0
12 3 0.387298
12 4 -1.12263e-009
12 5 1.12263e-009
12 6 1.28564e-009
12 7 -1.28564e-009
12 8 1.50232e-010
12 9 -1.50232e-010
12 10 1.50232e-010
12 11 -1.50232e-010
12 12 0.5
12 13 6.4312e-010
12 14 3.84272e-010
12 15 -3.84272e-010
12 16 0.062137
12 17 4.48502e-009
12 18 1.04005e-011
12 19 -1.04005e-011
12 20 -1.12921e-010
12 21 1.12921e-010
12 22 -1.12921e-010
12 23 1.12921e-010
12 24 -0.081325
12 25 4.54307e-009
12 26 2.81281e-009
12 27 -1.91004e-010
12 28 -2.39839e-010
12 29 2.39839e-010
12 30 -1.80086e-009
12 31 -1.65452e-009
12 32 3.55357e-009
12 33 -4.94594e-010
12 34 -3.74983e-010
12 35 3.74983e-010
12 36 1.21308e-010
12 37 -1.21308e-010
12 38 1.21308e-010
12 39 -1.21308e-010
12 40 1.16747e-009
12 41 -3.59481e-009
12 42 -3.95046e-010
12 43 -1.44851e-009
12 44 -1.86742e-009
12 45 -1.27574e-010
12 46 1.57439e-010
12 47 -1.57439e-010
12 48 1.64795e-009
12 49 1.15516e-009
12 50 -3.2477e-009
12 51 -1.04728e-009
12 52 -5.898e-009
12 53 -3.227e-009
12 54 9.55311e-011
12 55 -9.55311e-011
12 56 -1.24876e-010
12 57 1.24876e-010
12 58 -1.24876e-010
12 59 1.24876e-010
12 60 -1.08583e-009
12 61 2.83415e-009
12 62 2.99339e-010
12 63 3.91688e-010
12 64 -9.36111e-009
12 65 -9.48818e-009
12 66 -1.54577e-009
12 67 3.31528e-011
12 68 -9.41798e-011
12 69 9.41798e-011
12 70 -1.50956e-009
12 71 -1.04926e-009
12 72 3.11483e-009
12 73 9.66794e-010
12 74 -5.88541e-009
12 75 -1.53008e-008
12 76 -5.16207e-009
12 77 5.59015e-010
13 0 5.59195e-011
13 1 -5.59195e-011
13 2 0
13 3 3.99131e-010
13 4 -4.13785e-010
13 5 4.13785e-010
13 6 6.54065e-010
13 7 -6.54065e-010
13 8 -6.23744e-011
13 9 6.23744e-011
13 10 -6.23744e-011
13 11 6.23744e-011
13 12 6.4312e-010
13 13 0.25
13 14 3.00162e-010
13 15 -3.00162e-010
13 16 3.4564e-011
13 17 3.05472e-010
13 18 -6.62949e-010
13 19 6.62949e-010
13 20 -1.31857e-010
13 21 1.31857e-010
13 22 -1.31857e-010
13 23 1.31857e-010
13 24 -4.34482e-010
13 25 -6.35604e-010
13 26 0.294628
13 27 -2.24758e-011
13 28 -8.22743e-011
13 29 8.22743e-011
13 30 7.20406e-011
13 31 4.24101e-010
13 32 -0.0445435
13 33 -1.29563e-009
13 34 5.07632e-010
13 35 -5.07632e-010
13 36 6.49541e-011
13 37 -6.49541e-011
13 38 6.49541e-011
13 39 -6.49541e-011
13 40 3.07848e-010
13 41 -3.81957e-011
13 42 -1.74392e-010
13 43 -6.08698e-010
13 44 -1.68575e-010
13 45 2.28045e-011
13 46 4.22616e-011
13 47 -4.22616e-011
13 48 -1.36024e-010
13 49 -1.17737e-010
13 50 7.63258e-010
13 51 -1.10785e-009
13 52 -3.53985e-010
13 53 1.27848e-009
13 54 -3.93746e-010
13 55 3.93746e-010
13 56 -1.61972e-011
13 57 1.61972e-011
13 58 -1.61972e-011
13 59 1.61972e-011
13 60 -2.19221e-010
13 61 1.52985e-010
13 62 2.36766e-010
13 63 1.37514e-010
13 64 -2.21858e-010
13 65 4.18463e-010
13 66 2.83842e-010
13 67 -2.34174e-013
13 68 -8.37685e-011
13 69 8.37685e-011
13 70 1.73542e-010
13 71 -2.53353e-010
13 72 -6.51635e-010
13 73 1.281e-009
13 74 2.6986e-010
13 75 1.24312e-009
13 76 9.87087e-010
13 77 -1.10599e-009
14 0 -1.90083e-010
14 1 1.90083e-010
14 2 0
14 3 1.73317e-010
14 4 -3.264e-010
14 5 3.264e-010
14 6 2.73718e-010
14 7 -2.73718e-010
14 8 0.0563436
14 9 -0.0563436
14 10 0.0563436
14 11 -0.0563436
14 12 3.84272e-010
14 13 3.00162e-010
14 14 0.0833333
14 15 -0.0833333
14 16 1.22894e-010
14 17 9.38824e-010
14 18 3.77414e-011
14 19 -3.77414e-011
14 20 0.031497
14 21 -0.031497
14 22 0.031497
14 23 -0.031497
14 24 -2.80861e-010
14 25 1.05769e-009
14 26 1.03952e-009
14 27 -2.13161e-010
14 28 -1.3058e-010
14 29 1.3058e-010
14 30 -3.10143e-011
14 31 -1.64164e-010
14 32 1.39725e-009
14 33 1.40882e-010
14 34 -5.98771e-011
14 35 5.98771e-011
14 36 -7.9946e-011
14 37 7.9946e-011
14 38 -7.9946e-011
14 39 7.9946e-011
14 40 1.82e-010
14 41 -8.69172e-010
14 42 5.18746e-010
14 43 -8.32083e-011
14 44 -8.78478e-010
14 45 1.23309e-010
14 46 1.28045e-010
14 47 -1.28045e-010
14 48 5.1594e-012
14 49 2.37915e-011
14 50 -9.89026e-010
14 51 -8.19756e-010
14 52 -1.58509e-009
14 53 -6.39701e-010
14 54 -5.36256e-012
14 55 5.36256e-012
14 56 6.60518e-011
14 57 -6.60518e-011
14 58 6.60518e-011
14 59 -6.60518e-011
14 60 -1.32891e-010
14 61 7.21241e-010
14 62 -6.26996e-010
14 63 -9.01326e-010
14 64 -2.10105e-009
14 65 -2.03091e-009
14 66 -1.31057e-011
14 67 -1.48872e-010
14 68 -1.31504e-010
14 69 1.31504e-010
14 70 1.29055e-012
14 71 -2.1062e-012
14 72 8.33497e-010
14 73 4.70611e-010
14 74 -6.39131e-010
14 75 -3.30267e-009
14 76 -1.58836e-009
14 77 -5.90838e-011
15 0 1.90083e-010
15 1 -1.90083e-010
15 2 0
15 3 -1.73317e-010
15 4 3.264e-010
15 5 -3.264e-010
15 6 -2.73718e-010
15 7 2.73718e-010
15 8 -0.0563436
15 9 0.0563436
15 10 -0.0563436
15 11 0.0563436
15 12 -3.84272e-010
15 13 -3.00162e-010
15 14 -0.0833333
15 15 0.0833333
15 16 -1.22894e-010
15 17 -9.38824e-010
15 18 -3.77414e-011
15 19 3.77414e-011
15 20 -0.031497
15 21 0.031497
15 22 -0.031497
15 23 0.031497
15 24 2.80861e-010
15 25 -1.05769e-009
15 26 -1.03952e-009
15 27 2.13161e-010
15 28 1.3058e-010
15 29 -1.3058e-010
15 30 3.10143e-011
15 31 1.64164e-010
15 32 -1.39725e-009
15 33 -1.40882e-010
15 34 5.98771e-011
15 35 -5.98771e-011
15 36 7.9946e-011
15 37 -7.9946e-011
15 38 7.9946e-011
15 39 -7.9946e-011
15 40 -1.82e-010
15 41 8.69172e-010
15 42 -5.18746e-010
15 43 8.32083e-011
15 44 8.78478e-010
15 45 -1.23309e-010
15 46 -1.28045e-010
15 47 1.28045e-010
15 48 -5.1594e-012
15 49 -2.37915e-011
15 50 9.89026e-010
15 51 8.19756e-010
15 52 1.58509e-009
15 53 6.39701e-010
15 54 5.36256e-012
15 55 -5.36256e-012
15 56 -6.60518e-011
15 57 6.60518e-011
15 58 -6.60518e-011
15 59 6.60518e-011
15 60 1.32891e-010
15 61 -7.21241e-010
15 62 6.26996e-010
15 63 9.01326e-010
15 64 2.10105e-009
15 65 2.03091e-009
15 66 1.31057e-011
15 67 1.48872e-010
15 68 1.31504e-010
15 69 -1.31504e-010
15 70 -1.29055e-012
15 71 2.1062e-012
15 72 -8.33497e-010
15 73 -4.70611e-010
15 74 6.39131e-010
15 75 3.30267e-009
15 76 1.58836e-009
15 77 5.90838e-011
16 0 -1.05489e-010
16 1 1.05489e-010
16 2 0
16 3 -0.112306
16 4 -2.35219e-010
16 5 2.35219e-010
16 6 5.11071e-010
16 7 -5.11071e-010
16 8 -1.22038e-015
16 9 1.22038e-015
16 10 -1.22038e-015
16 11 1.22038e-015
16 12 0.062137
16 13 3.4564e-011
16 14 1.22894e-010
16 15 -1.22894e-010
16 16 0.297297
16 17 1.20475e-009
16 18 -1.66548e-010
16 19 1.66548e-010
16 20 -4.77833e-011
16 21 4.77833e-011
16 22 -4.77833e-011
16 23 4.77833e-011
16 24 0.023582
16 25 9.43886e-010
16 26 9.68656e-011
16 27 -1.01232e-010
16 28 -4.86144e-011
16 29 4.86144e-011
16 30 -0.0698212
16 31 -2.874e-010
16 32 -6.32124e-011
16 33 -3.38413e-010
16 34 5.03542e-011
16 35 -5.03542e-011
16 36 3.08284e-011
16 37 -3.08284e-011
16 38 3.08284e-011
16 39 -3.08284e-011
16 40 8.49615e-010
16 41 -9.05176e-010
16 42 -3.82578e-010
16 43 -1.89507e-010
16 44 -9.20461e-010
16 45 -1.64088e-011
16 46 2.8772e-011
16 47 -2.8772e-011
16 48 4.2664e-010
16 49 2.52836e-010
16 50 -1.70243e-010
16 51 -3.05032e-010
16 52 -2.66555e-009
16 53 -4.80452e-010
16 54 -9.33983e-011
16 55 9.33983e-011
16 56 -1.81899e-011
16 57 1.81899e-011
16 58 -1.81899e-011
16 59 1.81899e-011
16 60 -6.9934e-010
16 61 7.49586e-010
16 62 4.31568e-010
16 63 4.44298e-011
16 64 -3.77028e-009
16 65 -2.40052e-009
16 66 -1.88591e-010
16 67 1.19662e-011
16 68 -3.28473e-011
16 69 3.28473e-011
16 70 -3.2454e-010
16 71 -3.3506e-010
16 72 2.7216e-010
16 73 3.46581e-010
16 74 -1.81609e-009
16 75 -3.70305e-009
16 76 -5.76736e-010
16 77 -2.14444e-010
17 0 -2.05119e-009
17 1 2.05119e-009
17 2 0
17 3 2.35662e-009
17 4 -2.43521e-009
17 5 2.43521e-009
17 6 0.338062
17 7 -0.338062
17 8 1.0765e-010
17 9 -1.0765e-010
17 10 1.0765e-010
17 11 -1.0765e-010
17 12 4.48502e-009
17 13 3.05472e-010
17 14 9.38824e-010
17 15 -9.38824e-010
17 16 1.20475e-009
17 17 0.6
17 18 -2.38957e-010
17 19 2.38957e-010
17 20 -1.12881e-010
17 21 1.12881e-010
17 22 -1.12881e-010
17 23 1.12881e-010
17 24 -3.0153e-009
17 25 0.164399
17 26 -2.45923e-010
17 27 -8.55832e-010
17 28 -5.97269e-010
17 29 5.97269e-010
17 30 -4.50331e-010
17 31 -0.0894427
17 32 -1.44e-009
17 33 -1.71613e-009
17 34 -8.48388e-011
17 35 8.48388e-011
17 36 1.19977e-010
17 37 -1.19977e-010
17 38 1.19977e-010
17 39 -1.19977e-010
17 40 2.0849e-009
17 41 -1.88531e-009
17 42 -1.19147e-010
17 43 -4.1557e-009
17 44 -3.35171e-009
17 45 6.56067e-010
17 46 4.43336e-010
17 47 -4.43336e-010
17 48 9.45133e-011
17 49 2.69532e-010
17 50 7.05014e-010
17 51 -4.30662e-009
17 52 -5.76171e-009
17 53 -9.05849e-010
17 54 1.89734e-011
17 55 -1.89734e-011
17 56 -1.29002e-010
17 57 1.29002e-010
17 58 -1.29002e-010
17 59 1.29002e-010
17 60 -1.57565e-009
17 61 1.53777e-009
17 62 2.38843e-010
17 63 -8.69251e-011
17 64 -7.73268e-009
17 65 -2.87355e-009
17 66 1.71608e-009
17 67 -6.51893e-010
17 68 -3.54373e-010
17 69 3.54373e-010
17 70 9.23006e-011
17 71 -2.33422e-010
17 72 -2.9007e-010
17 73 3.72733e-009
17 74 -2.39487e-009
17 75 -4.66705e-009
17 76 -2.429e-010
17 77 3.17474e-010
18 0 -1.66574e-010
18 1 1.66574e-010
18 2 0
18 3 2.51619e-010
18 4 -1.41011e-010
18 5 1.41011e-010
18 6 -6.73833e-011
18 7 6.73833e-011
18 8 6.88576e-011
18 9 -6.88576e-011
18 10 6.88576e-011
18 11 -6.88576e-011
18 12 1.04005e-011
18 13 -6.62949e-010
18 14 3.77414e-011
18 15 -3.77414e-011
18 16 -1.66548e-010
18 17 -2.38957e-010
18 18 0.2
18 19 -0.2
18 20 -6.59998e-011
18 21 6.59998e-011
18 22 -6.59998e-011
18 23 6.59998e-011
18 24 1.86801e-010
18 25 -2.88566e-010
18 26 -9.48307e-010
18 27 7.81342e-010
18 28 -6.11877e-012
18 29 6.11877e-012
18 30 -6.62064e-011
18 31 1.97907e-011
18 32 -1.2794e-010
18 33 0.26348
18 34 2.24135e-011
18 35 -2.24135e-011
18 36 6.10478e-011
18 37 -6.10478e-011
18 38 6.10478e-011
18 39 -6.10478e-011
18 40 -2.41594e-011
18 41 2.38147e-010
18 42 -4.76923e-010
18 43 -0.031137
18 44 1.49765e-009
18 45 -8.38629e-010
18 46 -1.29888e-011
18 47 1.29888e-011
18 48 2.55113e-011
18 49 2.25566e-011
18 50 4.1539e-010
18 51 -1.12735e-010
18 52 -1.0716e-010
18 53 2.39538e-010
18 54 5.55379e-012
18 55 -5.55379e-012
18 56 -5.44224e-011
18 57 5.44224e-011
18 58 -5.44224e-011
18 59 5.44224e-011
18 60 -2.18109e-011
18 61 -2.01172e-010
18 62 4.7843e-010
18 63 4.96195e-010
18 64 7.96212e-010
18 65 7.60806e-010
18 66 -1.98823e-009
18 67 8.88384e-010
18 68 2.68092e-011
18 69 -2.68092e-011
18 70 5.71794e-011
18 71 -2.9955e-011
18 72 -6.64356e-010
18 73 2.32158e-010
18 74 6.60808e-010
18 75 1.23802e-009
18 76 1.25448e-009
18 77 7.56363e-011
19 0 1.66574e-010
19 1 -1.66574e-010
19 2 0
19 3 -2.51619e-010
19 4 1.41011e-010
19 5 -1.41011e-010
19 6 6.73833e-011
19 7 -6.73833e-011
19 8 -6.88576e-011
19 9 6.88576e-011
19 10 -6.88576e-011
19 11 6.88576e-011
19 12 -1.04005e-011
19 13 6.62949e-010
19 14 -3.77414e-011
19 15 3.77414e-011
19 16 1.66548e-010
19 17 2.38957e-010
19 18 -0.2
19 19 0.2
19 20 6.59998e-011
19 21 -6.59998e-011
19 22 6.59998e-011
19 23 -6.59998e-011
19 24 -1.86801e-010
19 25 2.88566e-010
19 26 9.48307e-010
19 27 -7.81342e-010
19 28 6.11877e-012
19 29 -6.11877e-012
19 30 6.62064e-011
19 31 -1.97907e-011
19 32 1.2794e-010
19 33 -0.26348
19 34 -2.24135e-011
19 35 2.24135e-011
19 36 -6.10478e-011
19 37 6.10478e-011
19 38 -6.10478e-011
19 39 6.10478e-011
19 40 2.41594e-011
19 41 -2.38147e-010
19 42 4.76923e-010
19 43 0.031137
19 44 -1.49765e-009
19 45 8.38629e-010
19 46 1.29888e-011
19 47 -1.29888e-011
19 48 -2.55113e-011
19 49 -2.25566e-011
19 50 -4.1539e-010
19 51 1.12735e-010
19 52 1.0716e-010
19 53 -2.39538e-010
19 54 -5.55379e-012
19 55 5.55379e-012
19 56 5.44224e-011
19 57 -5.44224e-011
19 58 5.44224e-011
19 59 -5.44224e-011
19 60 2.18109e-011
19 61 2.01172e-010
19 62 -4.7843e-010
19 63 -4.96195e-010
19 64 -7.96212e-010
19 65 -7.60806e-010
19 66 1.98823e-009
19 67 -8.88384e-010
19 68 -2.68092e-011
19 69 2.68092e-011
19 70 -5.71794e-011
19 71 2.9955e-011
19 72 6.64356e-010
19 73 -2.32158e-010
19 74 -6.60808e-010
19 75 -1.23802e-009
19 76 -1.25448e-009
19 77 -7.56363e-011
20 0 -2.80597e-010
20 1 2.80597e-010
20 2 0
20 3 -3.39674e-011
20 4 -2.77101e-010
20 5 2.77101e-010
20 6 -2.96817e-011
20 7 2.96817e-011
20 8 7.40783e-011
20 9 -7.40783e-011
20 10 7.40783e-011
20 11 -7.40783e-011
20 12 -1.12921e-010
20 13 -1.31857e-010
20 14 0.031497
20 15 -0.031497
20 16 -4.77833e-011
20 17 -1.12881e-010
20 18 -6.59998e-011
20 19 6.59998e-011
20 20 0.05
20 21 -0.05
20 22 0.05
20 23 -0.05
20 24 9.58875e-011
20 25 -1.54499e-010
20 26 -3.60728e-010
20 27 1.16104e-010
20 28 0.0201008
20 29 -0.0201008
20 30 4.62296e-012
20 31 -1.13054e-011
20 32 -4.03246e-010
20 33 -4.01589e-010
20 34 1.73279e-011
20 35 -1.73279e-011
20 36 6.70685e-011
20 37 -6.70685e-011
20 38 6.70685e-011
20 39 -6.70685e-011
20 40 -5.54805e-011
20 41 1.28389e-010
20 42 -1.80275e-010
20 43 -7.36418e-010
20 44 3.57485e-010
20 45 -9.44551e-011
20 46 1.22776e-011
20 47 -1.22776e-011
20 48 2.26568e-013
20 49 3.75301e-011
20 50 3.08553e-010
20 51 -3.55138e-010
20 52 4.47667e-010
20 53 1.85222e-010
20 54 6.55696e-012
20 55 -6.55696e-012
20 56 -6.10351e-011
20 57 6.10351e-011
20 58 -6.10351e-011
20 59 6.10351e-011
20 60 3.77996e-011
20 61 -1.1156e-010
20 62 2.10918e-010
20 63 4.84991e-010
20 64 6.59297e-010
20 65 5.88474e-010
20 66 -1.3758e-010
20 67 1.05182e-010
20 68 6.4077e-012
20 69 -6.4077e-012
20 70 3.54633e-012
20 71 -4.27924e-011
20 72 -2.82402e-010
20 73 4.40244e-010
20 74 2.29963e-010
20 75 9.58095e-010
20 76 5.38201e-010
20 77 9.26625e-011
21 0 2.80597e-010
21 1 -2.80597e-010
21 2 0
21 3 3.39674e-011
21 4 2.77101e-010
21 5 -2.77101e-010
21 6 2.96817e-011
21 7 -2.96817e-011
21 8 -7.40783e-011
21 9 7.40783e-011
21 10 -7.40783e-011
21 11 7.40783e-011
21 12 1.12921e-010
21 13 1.31857e-010
21 14 -0.031497
21 15 0.031497
21 16 4.77833e-011
21 17 1.12881e-010
21 18 6.59998e-011
21 19 -6.59998e-011
21 20 -0.05
21 21 0.05
21 22 -0.05
21 23 0.05
21 24 -9.58875e-011
21 25 1.54499e-010
21 26 3.60728e-010
21 27 -1.16104e-010
21 28 -0.0201008
21 29 0.0201008
21 30 -4.62296e-012
21 31 1.13054e-011
21 32 4.03246e-010
21 33 4.01589e-010
21 34 -1.73279e-011
21 35 1.73279e-011
21 36 -6.70685e-011
21 37 6.70685e-011
21 38 -6.70685e-011
21 39 6.70685e-011
21 40 5.54805e-011
21 41 -1.28389e-010
21 42 1.80275e-010
21 43 7.36418e-010
21 44 -3.57485e-010
21 45 9.44551e-011
21 46 -1.22776e-011
21 47 1.22776e-011
21 48 -2.26568e-013
21 49 -3.75301e-011
21 50 -3.08553e-010
21 51 3.55138e-010
21 52 -4.47667e-010
21 53 -1.85222e-010
21 54 -6.55696e-012
21 55 6.55696e-012
21 56 6.10351e-011
21 57 -6.10351e-011
21 58 6.10351e-011
21 59 -6.10351e-011
21 60 -3.77996e-011
21 61 1.1156e-010
21 62 -2.10918e-010
21 63 -4.84991e-010
21 64 -6.59297e-010
21 65 -5.88474e-010
21 66 1.3758e-010
21 67 -1.05182e-010
21 68 -6.4077e-012
21 69 6.4077e-012
21 70 -3.54633e-012
21 71 4.27924e-011
21 72 2.82402e-010
21 73 -4.40244e-010
21 74 -2.29963e-010
21 75 -9.58095e-010
21 76 -5.38201e-010
21 77 -9.26625e-011
22 0 -2.80597e-010
22 1 2.80597e-010
22 2 0
22 3 -3.39674e-011
22 4 -2.77101e-010
22 5 2.77101e-010
22 6 -2.96817e-011
22 7 2.96817e-011
22 8 7.40783e-011
22 9 -7.40783e-011
22 10 7.40783e-011
22 11 -7.40783e-011
22 12 -1.12921e-010
22 13 -1.31857e-010
22 14 0.031497
22 15 -0.031497
22 16 -4.77833e-011
22 17 -1.12881e-010
22 18 -6.59998e-011
22 19 6.59998e-011
22 20 0.05
22 21 -0.05
22 22 0.05
22 23 -0.05
22 24 9.58875e-011
22 25 -1.54499e-010
22 26 -3.60728e-010
22 27 1.16104e-010
22 28 0.0201008
22 29 -0.0201008
22 30 4.62296e-012
22 31 -1.13054e-011
22 32 -4.03246e-010
22 33 -4.01589e-010
22 34 1.73279e-011
22 35 -1.73279e-011
22 36 6.70685e-011
22 37 -6.70685e-011
22 38 6.70685e-011
22 39 -6.70685e-011
22 40 -5.54805e-011
22 41 1.28389e-010
22 42 -1.80275e-010
22 43 -7.36418e-010
22 44 3.57485e-010
22 45 -9.44551e-011
22 46 1.22776e-011
22 47 -1.22776e-011
22 48 2.26568e-013
22 49 3.75301e-011
22 50 3.08553e-010
22 51 -3.55138e-010
22 52 4.47667e-010
22 53 1.85222e-010
22 54 6.55696e-012
22 55 -6.55696e-012
22 56 -6.10351e-011
22 57 6.10351e-011
22 58 -6.10351e-011
22 59 6.10351e-011
22 60 3.77996e-011
22 61 -1.1156e-010
22 62 2.10918e-010
22 63 4.84991e-010
22 64 6.59297e-010
22 65 5.88474e-010
22 66 -1.3758e-010
22 67 1.05182e-010
22 68 6.4077e-012
22 69 -6.4077e-012
22 70 3.54633e-012
22 71 -4.27924e-011
22 72 -2.82402e-010
22 73 4.40244e-010
22 74 2.29963e-010
22 75 9.58095e-010
22 76 5.38201e-010
22 77 9.26625e-011
23 0 2.80597e-010
23 1 -2.80597e-010
23 2 0
23 3 3.39674e-011
23 4 2.77101e-010
23 5 -2.77101e-010
23 6 2.96817e-011
23 7 -2.96817e-011
23 8 -7.40783e-011
23 9 7.40783e-011
23 10 -7.40783e-011
23 11 7.40783e-011
23 12 1.12921e-010
23 13 1.31857e-010
23 14 -0.031497
23 15 0.031497
23 16 4.77833e-011
23 17 1.12881e-010
23 18 6.59998e-011
23 19 -6.59998e-011
23 20 -0.05
23 21 0.05
23 22 -0.05
23 23 0.05
23 24 -9.58875e-011
23 25 1.54499e-010
23 26 3.60728e-010
23 27 -1.16104e-010
23 28 -0.0201008
23 29 0.0201008
23 30 -4.62296e-012
23 31 1.13054e-011
23 32 4.03246e-010
23 33 4.01589e-010
23 34 -1.73279e-011
23 35 1.73279e-011
23 36 -6.70685e-011
23 37 6.70685e-011
23 38 -6.70685e-011
23 39 6.70685e-011
23 40 5.54805e-011
23 41 -1.28389e-010
23 42 1.80275e-010
23 43 7.36418e-010
23 44 -3.57485e-010
23 45 9.44551e-011
23 46 -1.22776e-011
23 47 1.22776e-011
23 48 -2.26568e-013
23 49 -3.75301e-011
23 50 -3.08553e-010
23 51 3.55138e-010
23 52 -4.47667e-010
23 53 -1.85222e-010
23 54 -6.55696e-012
23 55 6.55696e-012
23 56 6.10351e-011
23 57 -6.10351e-011
23 58 6.10351e-011
23 59 -6.10351e-011
23 60 -3.77996e-011
23 61 1.1156e-010
23 62 -2.10918e-010
23 63 -4.84991e-010
23 64 -6.59297e-010
23 65 -5.88474e-010
23 66 1.3758e-010
23 67 -1.05182e-010
23 68 -6.4077e-012
23 69 6.4077e-012
23 70 -3.54633e-012
23 71 4.27924e-011
23 72 2.82402e-010
23 73 -4.40244e-010
23 74 -2.29963e-010
23 75 -9.58095e-010
23 76 -5.38201e-010
23 77 -9.26625e-011
24 0 5.16692e-010
24 1 -5.16692e-010
24 2 0
24 3 -6.55389e-010
24 4 6.78832e-010
24 5 -6.78832e-010
24 6 -1.054e-009
24 7 1.054e-009
24 8 -5.48188e-011
24 9 5.48188e-011
24 10 -5.48188e-011
24 11 5.48188e-011
24 12 -0.081325
24 13 -4.34482e-010
24 14 -2.80861e-010
24 15 2.80861e-010
24 16 0.023582
24 17 -3.0153e-009
24 18 1.86801e-010
24 19 -1.86801e-010
24 20 9.58875e-011
24 21 -9.58875e-011
24 22 9.58875e-011
24 23 -9.58875e-011
24 24 0.185185
24 25 -2.73795e-009
24 26 -1.91086e-009
24 27 1.11326e-010
24 28 1.43151e-010
24 29 -1.43151e-010
24 30 0.00996897
24 31 9.32635e-010
24 32 -2.45021e-009
24 33 5.67756e-010
24 34 7.92065e-011
24 35 -7.92065e-011
24 36 -7.95454e-011
24 37 7.95454e-011
24 38 -7.95454e-011
24 39 7.95454e-011
24 40 -0.0525673
24 41 2.34763e-009
24 42 1.96528e-010
24 43 7.45432e-010
24 44 1.10192e-009
24 45 8.43267e-011
24 46 -9.03759e-011
24 47 9.03759e-011
24 48 -1.0475e-009
24 49 -7.10861e-010
24 50 2.19493e-009
24 51 7.3123e-010
24 52 3.5273e-009
24 53 1.72736e-009
24 54 7.20251e-011
24 55 -7.20251e-011
24 56 6.63838e-011
24 57 -6.63838e-011
24 58 6.63838e-011
24 59 -6.63838e-011
24 60 6.08766e-010
24 61 -1.892e-009
24 62 -1.21336e-010
24 63 -1.93773e-010
24 64 5.68806e-009
24 65 6.20938e-009
24 66 1.02375e-009
24 67 -2.04132e-011
24 68 7.19566e-011
24 69 -7.19566e-011
24 70 9.72442e-010
24 71 7.66319e-010
24 72 -2.08393e-009
24 73 -7.49409e-010
24 74 3.68406e-009
24 75 9.82101e-009
24 76 3.42912e-009
24 77 4.14237e-011
25 0 -2.34829e-009
25 1 2.34829e-009
25 2 0
25 3 2.78899e-009
25 4 -2.7627e-009
25 5 2.7627e-009
25 6 -0.0694713
25 7 0.0694713
25 8 1.49971e-010
25 9 -1.49971e-010
25 10 1.49971e-010
25 11 -1.49971e-010
25 12 4.54307e-009
25 13 -6.35604e-010
25 14 1.05769e-009
25 15 -1.05769e-009
25 16 9.43886e-010
25 17 0.164399
25 18 -2.88566e-010
25 19 2.88566e-010
25 20 -1.54499e-010
25 21 1.54499e-010
25 22 -1.54499e-010
25 23 1.54499e-010
25 24 -2.73795e-009
25 25 0.486486
25 26 -1.12804e-009
25 27 3.77588e-010
25 28 -6.64933e-010
25 29 6.64933e-010
25 30 -5.62541e-010
25 31 0.100257
25 32 -6.03056e-010
25 33 -2.03983e-009
25 34 -8.40949e-011
25 35 8.40949e-011
25 36 1.60166e-010
25 37 -1.60166e-010
25 38 1.60166e-010
25 39 -1.60166e-010
25 40 2.06455e-009
25 41 -0.100749
25 42 -5.65865e-010
25 43 -4.83325e-009
25 44 -1.23019e-009
25 45 -7.28495e-010
25 46 4.85766e-010
25 47 -4.85766e-010
25 48 1.37028e-010
25 49 3.08866e-010
25 50 6.85544e-010
25 51 -4.82501e-009
25 52 -6.7645e-009
25 53 -8.97828e-010
25 54 2.3509e-011
25 55 -2.3509e-011
25 56 -1.67227e-010
25 57 1.67227e-010
25 58 -1.67227e-010
25 59 1.67227e-010
25 60 -1.62569e-009
25 61 1.61553e-009
25 62 6.05891e-010
25 63 1.24257e-010
25 64 -7.44857e-009
25 65 -2.84771e-009
25 66 -1.78945e-009
25 67 7.99768e-010
25 68 -3.80985e-010
25 69 3.80985e-010
25 70 1.86495e-010
25 71 -2.72124e-010
25 72 -8.28023e-010
25 73 4.23583e-009
25 74 -1.58866e-009
25 75 -4.62405e-009
25 76 8.03248e-010
25 77 3.85651e-010
26 0 -1.79174e-009
26 1 1.79174e-009
26 2 0
26 3 1.76126e-009
26 4 -2.45066e-009
26 5 2.45066e-009
26 6 4.56387e-010
26 7 -4.56387e-010
26 8 1.78898e-010
26 9 -1.78898e-010
26 10 1.78898e-010
26 11 -1.78898e-010
26 12 2.81281e-009
26 13 0.294628
26 14 1.03952e-009
26 15 -1.03952e-009
26 16 9.68656e-011
26 17 -2.45923e-010
26 18 -9.48307e-010
26 19 9.48307e-010
26 20 -3.60728e-010
26 21 3.60728e-010
26 22 -3.60728e-010
26 23 3.60728e-010
26 24 -1.91086e-009
26 25 -1.12804e-009
26 26 0.625
26 27 -9.54367e-011
26 28 -5.15802e-010
26 29 5.15802e-010
26 30 3.803e-010
26 31 5.89969e-010
26 32 0.214753
26 33 -3.32635e-009
26 34 5.81645e-010
26 35 -5.81645e-010
26 36 2.90434e-010
26 37 -2.90434e-010
26 38 2.90434e-010
26 39 -2.90434e-010
26 40 1.35191e-009
26 41 3.89304e-010
26 42 -0.0766041
26 43 -5.04177e-009
26 44 -7.02413e-010
26 45 1.06735e-010
26 46 3.23722e-010
26 47 -3.23722e-010
26 48 -6.64057e-010
26 49 -2.46018e-010
26 50 3.54119e-009
26 51 -4.63037e-009
26 52 -1.41407e-009
26 53 2.26226e-009
26 54 -3.51276e-010
26 55 3.51276e-010
26 56 -2.34838e-010
26 57 2.34838e-010
26 58 -2.34838e-010
26 59 2.34838e-010
26 60 -9.54858e-010
26 61 -1.92649e-010
26 62 1.0582e-009
26 63 1.32338e-009
26 64 -7.11627e-010
26 65 3.68599e-009
26 66 1.32733e-009
26 67 -2.09388e-012
26 68 -2.67688e-010
26 69 2.67688e-010
26 70 8.28936e-010
26 71 -1.11634e-010
26 72 -3.03381e-009
26 73 4.65559e-009
26 74 1.39809e-009
26 75 6.44859e-009
26 76 4.60932e-009
26 77 -6.96144e-010
27 0 -5.04718e-010
27 1 5.04718e-010
27 2 0
27 3 -9.24723e-011
27 4 5.55068e-011
27 5 -5.55068e-011
27 6 -9.91343e-010
27 7 9.91343e-010
27 8 1.36789e-010
27 9 -1.36789e-010
27 10 1.36789e-010
27 11 -1.36789e-010
27 12 -1.91004e-010
27 13 -2.24758e-011
27 14 -2.13161e-010
27 15 2.13161e-010
27 16 -1.01232e-010
27 17 -8.55832e-010
27 18 7.81342e-010
27 19 -7.81342e-010
27 20 1.16104e-010
27 21 -1.16104e-010
27 22 1.16104e-010
27 23 -1.16104e-010
27 24 1.11326e-010
27 25 3.77588e-010
27 26 -9.54367e-011
27 27 0.166667
27 28 4.35453e-012
27 29 -4.35453e-012
27 30 8.78677e-011
27 31 -3.91174e-010
27 32 -1.10785e-010
27 33 1.15842e-009
27 34 -6.12691e-010
27 35 6.12691e-010
27 36 -3.07897e-011
27 37 3.07897e-011
27 38 -3.07897e-011
27 39 3.07897e-011
27 40 -8.22628e-011
27 41 4.13834e-010
27 42 3.28463e-011
27 43 -3.26316e-010
27 44 0.240192
27 45 4.95995e-012
27 46 1.15281e-011
27 47 -1.15281e-011
27 48 -7.54045e-011
27 49 3.82288e-011
27 50 1.13267e-010
27 51 5.43579e-010
27 52 -0.0231905
27 53 -1.16754e-009
27 54 5.16051e-010
27 55 -5.16051e-010
27 56 -3.03617e-011
27 57 3.03617e-011
27 58 -3.03617e-011
27 59 3.03617e-011
27 60 7.17226e-011
27 61 -4.88076e-010
27 62 -3.2355e-011
27 63 1.19853e-010
27 64 4.99301e-010
27 65 1.00508e-009
27 66 5.95711e-011
27 67 -1.69594e-012
27 68 6.47392e-011
27 69 -6.47392e-011
27 70 6.55803e-011
27 71 4.39747e-010
27 72 -1.14375e-010
27 73 -8.03324e-010
27 74 2.84706e-010
27 75 8.65825e-010
27 76 1.96166e-010
27 77 1.50924e-009
28 0 2.09262e-010
28 1 -2.09262e-010
28 2 0
28 3 -1.49004e-010
28 4 2.99737e-010
28 5 -2.99737e-010
28 6 -1.75075e-010
28 7 1.75075e-010
28 8 4.33579e-011
28 9 -4.33579e-011
28 10 4.33579e-011
28 11 -4.33579e-011
28 12 -2.39839e-010
28 13 -8.22743e-011
28 14 -1.3058e-010
28 15 1.3058e-010
28 16 -4.86144e-011
28 17 -5.97269e-010
28 18 -6.11877e-012
28 19 6.11877e-012
28 20 0.0201008
28 21 -0.0201008
28 22 0.0201008
28 23 -0.0201008
28 24 1.43151e-010
28 25 -6.64933e-010
28 26 -5.15802e-010
28 27 4.35453e-012
28 28 0.0333333
28 29 -0.0333333
28 30 3.01654e-011
28 31 1.13478e-010
28 32 -8.89756e-010
28 33 2.23447e-011
