0 0 0.333333
0 1 0.166667
0 2 -0.204124
0 3 -0.0527046
0 4 0.0527046
0 5 -5.01745e-016
0 6 -1.75388e-016
0 7 1.75388e-016
0 8 2.43004e-017
0 9 2.13275e-016
0 10 -2.13275e-016
0 11 3.80782e-016
0 12 -2.35737e-016
0 13 2.35737e-016
0 14 -6.23761e-016
0 15 -0.333333
0 16 -0.166667
0 17 0.204124
0 18 -0.0527046
0 19 0.0527046
0 20 5.01745e-016
0 21 -1.75388e-016
0 22 1.75388e-016
0 23 -2.43004e-017
0 24 2.13275e-016
0 25 -2.13275e-016
0 26 -3.80782e-016
0 27 -2.35737e-016
0 28 2.35737e-016
0 29 6.23761e-016
0 30 4.3629e-017
0 31 -9.00735e-018
0 32 4.40203e-017
0 33 2.3765e-017
0 34 5.90276e-019
0 35 3.28755e-020
0 36 4.8175e-020
0 37 5.47395e-020
0 38 -6.56451e-020
0 39 -7.49624e-020
0 40 -1.23508e-019
0 41 -7.62134e-015
0 42 7.62134e-015
0 43 3.81197e-015
0 44 -3.81197e-015
0 45 4.65295e-015
0 46 -1.20262e-015
0 47 1.40242e-018
0 48 -1.5614e-018
0 49 2.15993e-019
0 50 -4.98585e-019
0 51 -2.53845e-019
0 52 -2.08264e-019
0 53 1.79942e-019
0 54 -1.20896e-017
0 55 2.91888e-018
0 56 -1.58665e-017
0 57 3.98402e-018
0 58 -3.67771e-019
0 59 1.90953e-019
0 60 -3.37596e-019
0 61 -2.24993e-020
0 62 -9.53441e-020
0 63 -3.89635e-020
0 64 4.18752e-020
0 65 -5.03307e-015
0 66 5.03307e-015
0 67 2.50287e-015
0 68 -2.50287e-015
0 69 3.08238e-015
0 70 -7.90327e-016
0 71 1.24636e-018
0 72 7.68682e-020
0 73 8.14793e-019
0 74 4.99855e-019
0 75 -6.21616e-019
0 76 -1.55431e-019
0 77 5.65924e-019
0 78 6.35565e-018
0 79 7.17267e-018
0 80 -1.40721e-018
0 81 5.37633e-018
0 82 -8.62385e-019
0 83 -6.44274e-020
0 84 -1.94129e-019
0 85 4.19811e-020
0 86 -2.14035e-019
0 87 1.05879e-022
0 88 -1.1382e-019
0 89 -6.05121e-015
0 90 6.05121e-015
0 91 3.02654e-015
0 92 -3.02654e-015
0 93 3.70627e-015
0 94 -9.53845e-016
0 95 -1.71953e-018
0 96 -2.12341e-018
0 97 1.01194e-018
0 98 -4.53586e-019
0 99 -6.90067e-019
0 100 1.16308e-019
0 101 -1.7523e-019
0 102 -8.39092e-020
0 103 -3.60836e-018
0 104 -8.64169e-018
0 105 -2.18725e-018
0 106 -6.80856e-019
0 107 7.54918e-020
0 108 3.36696e-020
0 109 -5.24102e-021
0 110 1.29914e-019
0 111 -8.84091e-021
0 112 -7.25272e-021
0 113 -1.54105e-014
0 114 1.54105e-014
0 115 7.73074e-015
0 116 -7.73074e-015
0 117 9.45457e-015
0 118 -2.43716e-015
0 119 -2.06496e-018
0 120 7.15213e-019
0 121 6.58409e-019
0 122 1.96406e-019
0 123 -1.19823e-018
0 124 4.23305e-019
0 125 3.3569e-019
0 126 -1.75955e-017
0 127 4.2538e-018
0 128 3.05363e-018
0 129 9.66518e-019
0 130 6.52295e-019
0 131 -7.40624e-020
0 132 -8.78797e-020
0 133 1.00585e-021
0 134 -8.06269e-020
0 135 1.65913e-019
0 136 5.05573e-020
1 0 0.166667
1 1 0.333333
1 2 -0.204124
1 3 0.0527046
1 4 -0.0527046
1 5 -5.01323e-016
1 6 1.75461e-016
1 7 -1.75461e-016
1 8 2.48215e-017
1 9 -2.13454e-016
1 10 2.13454e-016
1 11 3.80838e-016
1 12 2.35553e-016
1 13 -2.35553e-016
1 14 -6.23614e-016
1 15 -0.166667
1 16 -0.333333
1 17 0.204124
1 18 0.0527046
1 19 -0.0527046
1 20 5.01323e-016
1 21 1.75461e-016
1 22 -1.75461e-016
1 23 -2.48215e-017
1 24 -2.13454e-016
1 25 2.13454e-016
1 26 -3.80838e-016
1 27 2.35553e-016
1 28 -2.35553e-016
1 29 6.23614e-016
1 30 -9.07342e-018
1 31 -1.36609e-017
1 32 -1.93428e-017
1 33 1.29528e-017
1 34 4.23516e-019
1 35 2.03288e-020
1 36 -3.79471e-019
1 37 3.59142e-019
1 38 4.06576e-020
1 39 -1.76183e-019
1 40 8.80914e-020
1 41 -3.81197e-015
1 42 3.81197e-015
1 43 7.60047e-015
1 44 -7.60047e-015
1 45 4.65786e-015
1 46 1.21733e-015
1 47 -7.04731e-019
1 48 1.36203e-018
1 49 2.03288e-019
1 50 6.57298e-019
1 51 -8.80914e-020
1 52 1.01644e-019
1 53 2.03288e-020
1 54 9.74935e-018
1 55 1.51788e-017
1 56 1.28613e-017
1 57 -2.17518e-018
1 58 8.13152e-020
1 59 2.23617e-019
1 60 3.38813e-020
1 61 8.80914e-020
1 62 5.42101e-020
1 63 -4.74338e-020
1 64 3.38813e-020
1 65 -2.50249e-015
1 66 2.50249e-015
1 67 5.04393e-015
1 68 -5.04393e-015
1 69 3.08013e-015
1 70 7.95533e-016
1 71 -3.11708e-019
1 72 -7.45389e-019
1 73 1.38236e-018
1 74 -1.89735e-019
1 75 -4.26905e-019
1 76 3.04932e-019
1 77 5.28549e-019
1 78 7.17267e-018
1 79 -3.29597e-017
1 80 6.84403e-019
1 81 1.3417e-018
1 82 6.09864e-019
1 83 -5.69206e-019
1 84 -2.30393e-019
1 85 -2.37169e-019
1 86 -1.96512e-019
1 87 -1.6263e-019
1 88 -2.71051e-020
1 89 -3.0261e-015
1 90 3.0261e-015
1 91 6.04204e-015
1 92 -6.04204e-015
1 93 3.70029e-015
1 94 9.53217e-016
1 95 3.52366e-019
1 96 1.74828e-018
1 97 1.29427e-018
1 98 3.93023e-019
1 99 -6.84403e-019
1 100 9.48677e-020
1 101 -2.77827e-019
1 102 -3.96073e-018
1 103 -2.1684e-018
1 104 9.55792e-018
1 105 -4.17418e-018
1 106 -2.71051e-020
1 107 1.69407e-019
1 108 -6.77626e-020
1 109 -3.11708e-019
1 110 1.01644e-019
1 111 8.13152e-020
1 112 -6.77626e-020
1 113 -7.72706e-015
1 114 7.72706e-015
1 115 1.54117e-014
1 116 -1.54117e-014
1 117 9.45131e-015
1 118 2.43957e-015
1 119 -3.1103e-018
1 120 -7.92823e-019
1 121 1.01644e-019
1 122 -5.82759e-019
1 123 -1.15874e-018
1 124 -2.71051e-019
1 125 1.6263e-019
1 126 2.53263e-018
1 127 -1.95156e-018
1 128 2.51738e-018
1 129 -3.76083e-018
1 130 -4.23516e-019
1 131 -6.77626e-021
1 132 -2.23617e-019
1 133 6.09864e-020
1 134 -1.01644e-019
1 135 1.6263e-019
1 136 -6.09864e-020
2 0 -0.204124
2 1 -0.204124
2 2 0.2
2 3 4.70686e-019
2 4 -4.70686e-019
2 5 -0.0218218
2 6 7.618e-020
2 7 -7.618e-020
2 8 4.28027e-017
2 9 -1.33196e-019
2 10 1.33196e-019
2 11 -4.85769e-016
2 12 -3.03344e-020
2 13 3.03344e-020
2 14 5.51147e-016
2 15 0.204124
2 16 0.204124
2 17 -0.2
2 18 4.70686e-019
2 19 -4.70686e-019
2 20 0.0218218
2 21 7.618e-020
2 22 -7.618e-020
2 23 -4.28027e-017
2 24 -1.33196e-019
2 25 1.33196e-019
2 26 4.85769e-016
2 27 -3.03344e-020
2 28 3.03344e-020
2 29 -5.51147e-016
2 30 3.01442e-017
2 31 -2.62784e-017
2 32 -2.28762e-018
2 33 3.6793e-019
2 34 3.83282e-020
2 35 7.0939e-020
2 36 9.7197e-020
2 37 -3.45166e-020
2 38 -6.07746e-020
2 39 -7.19978e-021
2 40 -4.67986e-020
2 41 4.65271e-015
2 42 -4.65271e-015
2 43 -4.64224e-015
2 44 4.64224e-015
2 45 -4.56975e-015
2 46 -8.41739e-020
2 47 5.03331e-016
2 48 -1.92171e-019
2 49 7.08331e-019
2 50 4.43634e-020
2 51 3.97047e-020
2 52 -2.25523e-020
2 53 -2.22346e-021
2 54 -9.3325e-018
2 55 9.44611e-018
2 56 8.74477e-018
2 57 -1.27288e-018
2 58 2.89791e-019
2 59 -4.24681e-019
2 60 8.62915e-020
2 61 4.21399e-020
2 62 -1.23455e-019
2 63 -7.41154e-021
2 64 2.10699e-020
2 65 3.0961e-015
2 66 -3.0961e-015
2 67 -3.08837e-015
2 68 3.08837e-015
2 69 -3.00529e-015
2 70 -2.44475e-019
2 71 3.24563e-016
2 72 9.67947e-019
2 73 1.38225e-018
2 74 3.07049e-020
2 75 5.83606e-019
2 76 -5.50571e-020
2 77 1.65489e-019
2 78 5.0421e-018
2 79 -1.484e-018
2 80 -2.65132e-018
2 81 1.94638e-018
2 82 -1.09934e-018
2 83 -1.92806e-019
2 84 8.17387e-020
2 85 2.60886e-019
2 86 1.24937e-019
2 87 5.06102e-020
2 88 -4.04458e-020
2 89 3.7061e-015
2 90 -3.7061e-015
2 91 -3.70729e-015
2 92 3.70729e-015
2 93 -3.63101e-015
2 94 -6.51898e-019
2 95 3.94364e-016
2 96 1.86347e-019
2 97 -2.54004e-019
2 98 -1.81583e-019
2 99 -4.0954e-019
2 100 1.72583e-020
2 101 9.98546e-019
2 102 -1.18926e-017
2 103 6.30531e-018
2 104 -7.46765e-019
2 105 -1.89841e-019
2 106 6.5031e-019
2 107 3.25684e-019
2 108 2.03288e-020
2 109 2.6258e-020
2 110 2.00112e-020
2 111 1.16679e-019
2 112 -2.20229e-020
2 113 9.44399e-015
2 114 -9.44399e-015
2 115 -9.43396e-015
2 116 9.43396e-015
2 117 -9.27489e-015
2 118 6.85673e-019
2 119 1.0141e-015
2 120 6.67038e-020
2 121 -3.60095e-019
2 122 -4.80691e-020
2 123 6.76779e-019
2 124 4.57398e-020
2 125 -1.14275e-018
2 126 5.65574e-018
2 127 -3.44234e-018
2 128 1.85686e-018
2 129 -7.51742e-020
2 130 -4.78574e-019
2 131 -1.79889e-019
2 132 -1.15832e-019
2 133 1.91324e-019
2 134 -8.73503e-020
2 135 7.51742e-020
2 136 7.24213e-020
3 0 -0.0527046
3 1 0.0527046
3 2 4.70686e-019
3 3 0.047619
3 4 -0.047619
3 5 -7.46448e-020
3 6 -0.0106479
3 7 0.0106479
3 8 9.34913e-020
3 9 -3.24973e-016
3 10 3.24973e-016
3 11 -4.39398e-021
3 12 1.50064e-016
3 13 -1.50064e-016
3 14 -9.74088e-021
3 15 0.0527046
3 16 -0.0527046
3 17 -4.70686e-019
3 18 0.047619
3 19 -0.047619
3 20 7.46448e-020
3 21 -0.0106479
3 22 0.0106479
3 23 -9.34913e-020
3 24 -3.24973e-016
3 25 3.24973e-016
3 26 4.39398e-021
3 27 1.50064e-016
3 28 -1.50064e-016
3 29 9.74088e-021
3 30 -2.35498e-017
3 31 -9.48677e-018
3 32 3.91012e-019
3 33 -1.49967e-018
3 34 -1.86135e-019
3 35 1.31714e-019
3 36 5.47395e-020
3 37 1.23879e-020
3 38 4.74338e-020
3 39 2.96462e-020
3 40 2.47757e-020
3 41 1.20425e-015
3 42 -1.20425e-015
3 43 1.20584e-015
3 44 -1.20584e-015
3 45 -3.49613e-019
3 46 1.08081e-015
3 47 5.11396e-020
3 48 -2.41552e-016
3 49 2.87991e-020
3 50 6.26593e-019
3 51 -8.15269e-020
3 52 -1.23243e-019
3 53 3.38813e-021
3 54 -3.60788e-018
3 55 -1.29427e-018
3 56 -8.2374e-020
3 57 -2.53898e-019
3 58 -3.01967e-019
3 59 -1.31078e-019
3 60 9.19031e-020
3 61 -1.52466e-020
3 62 4.84926e-020
3 63 1.88465e-020
3 64 -1.24937e-020
3 65 7.95586e-016
3 66 -7.95586e-016
3 67 8.03184e-016
3 68 -8.03184e-016
3 69 -5.14361e-019
3 70 7.15432e-016
3 71 -6.96685e-020
3 72 -1.6016e-016
3 73 2.5411e-021
3 74 -2.21499e-019
3 75 -4.80691e-020
3 76 -2.51357e-019
3 77 4.27752e-020
3 78 2.37572e-018
3 79 -4.81115e-019
3 80 -1.83118e-018
3 81 -1.23222e-018
3 82 -2.98791e-019
3 83 4.5041e-019
3 84 -1.07573e-019
3 85 -2.22346e-020
3 86 -4.17164e-020
3 87 -2.4564e-020
3 88 3.38813e-021
3 89 9.56013e-016
3 90 -9.56013e-016
3 91 9.54952e-016
3 92 -9.54952e-016
3 93 -1.61148e-019
3 94 8.59054e-016
3 95 -5.44219e-020
3 96 -1.91263e-016
3 97 -1.1922e-019
3 98 7.70165e-019
3 99 3.45166e-020
3 100 -4.65868e-020
3 101 8.47033e-022
3 102 -1.71762e-018
3 103 1.57209e-018
3 104 4.06682e-019
3 105 9.52171e-019
3 106 1.79253e-019
3 107 2.46698e-019
3 108 1.27055e-019
3 109 7.83505e-020
3 110 2.83756e-020
3 111 -3.79047e-020
3 112 -3.13402e-020
3 113 2.43927e-015
3 114 -2.43927e-015
3 115 2.4348e-015
3 116 -2.4348e-015
3 117 1.48263e-018
3 118 2.20207e-015
3 119 -8.91502e-020
3 120 -4.92139e-016
3 121 4.97632e-020
3 122 -1.07785e-019
3 123 4.23516e-022
3 124 -3.22931e-019
3 125 -2.75286e-020
3 126 5.51366e-019
3 127 5.04832e-019
3 128 1.837e-018
3 129 5.72912e-019
3 130 2.33252e-019
3 131 -1.80947e-019
3 132 6.45863e-021
3 133 1.55642e-020
3 134 -9.52912e-021
3 135 5.28337e-020
3 136 -1.35525e-020
4 0 0.0527046
4 1 -0.0527046
4 2 -4.70686e-019
4 3 -0.047619
4 4 0.047619
4 5 7.46448e-020
4 6 0.0106479
4 7 -0.0106479
4 8 -9.34913e-020
4 9 3.24973e-016
4 10 -3.24973e-016
4 11 4.39398e-021
4 12 -1.50064e-016
4 13 1.50064e-016
4 14 9.74088e-021
4 15 -0.0527046
4 16 0.0527046
4 17 4.70686e-019
4 18 -0.047619
4 19 0.047619
4 20 -7.46448e-020
4 21 0.0106479
4 22 -0.0106479
4 23 9.34913e-020
4 24 3.24973e-016
4 25 -3.24973e-016
4 26 -4.39398e-021
4 27 -1.50064e-016
4 28 1.50064e-016
4 29 -9.74088e-021
4 30 2.35498e-017
4 31 9.48677e-018
4 32 -3.91012e-019
4 33 1.49967e-018
4 34 1.86135e-019
4 35 -1.31714e-019
4 36 -5.47395e-020
4 37 -1.23879e-020
4 38 -4.74338e-020
4 39 -2.96462e-020
4 40 -2.47757e-020
4 41 -1.20425e-015
4 42 1.20425e-015
4 43 -1.20584e-015
4 44 1.20584e-015
4 45 3.49613e-019
4 46 -1.08081e-015
4 47 -5.11396e-020
4 48 2.41552e-016
4 49 -2.87991e-020
4 50 -6.26593e-019
4 51 8.15269e-020
4 52 1.23243e-019
4 53 -3.38813e-021
4 54 3.60788e-018
4 55 1.29427e-018
4 56 8.2374e-020
4 57 2.53898e-019
4 58 3.01967e-019
4 59 1.31078e-019
4 60 -9.19031e-020
4 61 1.52466e-020
4 62 -4.84926e-020
4 63 -1.88465e-020
4 64 1.24937e-020
4 65 -7.95586e-016
4 66 7.95586e-016
4 67 -8.03184e-016
4 68 8.03184e-016
4 69 5.14361e-019
4 70 -7.15432e-016
4 71 6.96685e-020
4 72 1.6016e-016
4 73 -2.5411e-021
4 74 2.21499e-019
4 75 4.80691e-020
4 76 2.51357e-019
4 77 -4.27752e-020
4 78 -2.37572e-018
4 79 4.81115e-019
4 80 1.83118e-018
4 81 1.23222e-018
4 82 2.98791e-019
4 83 -4.5041e-019
4 84 1.07573e-019
4 85 2.22346e-020
4 86 4.17164e-020
4 87 2.4564e-020
4 88 -3.38813e-021
4 89 -9.56013e-016
4 90 9.56013e-016
4 91 -9.54952e-016
4 92 9.54952e-016
4 93 1.61148e-019
4 94 -8.59054e-016
4 95 5.44219e-020
4 96 1.91263e-016
4 97 1.1922e-019
4 98 -7.70165e-019
4 99 -3.45166e-020
4 100 4.65868e-020
4 101 -8.47033e-022
4 102 1.71762e-018
4 103 -1.57209e-018
4 104 -4.06682e-019
4 105 -9.52171e-019
4 106 -1.79253e-019
4 107 -2.46698e-019
4 108 -1.27055e-019
4 109 -7.83505e-020
4 110 -2.83756e-020
4 111 3.79047e-020
4 112 3.13402e-020
4 113 -2.43927e-015
4 114 2.43927e-015
4 115 -2.4348e-015
4 116 2.4348e-015
4 117 -1.48263e-018
4 118 -2.20207e-015
4 119 8.91502e-020
4 120 4.92139e-016
4 121 -4.97632e-020
4 122 1.07785e-019
4 123 -4.23516e-022
4 124 3.22931e-019
4 125 2.75286e-020
4 126 -5.51366e-019
4 127 -5.04832e-019
4 128 -1.837e-018
4 129 -5.72912e-019
4 130 -2.33252e-019
4 131 1.80947e-019
4 132 -6.45863e-021
4 133 -1.55642e-020
4 134 9.52912e-021
4 135 -5.28337e-020
4 136 1.35525e-020
5 0 -5.01745e-016
5 1 -5.01323e-016
5 2 -0.0218218
5 3 -7.46448e-020
5 4 7.46448e-020
5 5 0.0222222
5 6 -9.42324e-021
5 7 9.42324e-021
5 8 -0.00633114
5 9 3.86459e-020
5 10 -3.86459e-020
5 11 8.1424e-017
5 12 3.17637e-022
5 13 -3.17637e-022
5 14 -1.02696e-017
5 15 5.01745e-016
5 16 5.01323e-016
5 17 0.0218218
5 18 -7.46448e-020
5 19 7.46448e-020
5 20 -0.0222222
5 21 -9.42324e-021
5 22 9.42324e-021
5 23 0.00633114
5 24 3.86459e-020
5 25 -3.86459e-020
5 26 -8.1424e-017
5 27 3.17637e-022
5 28 -3.17637e-022
5 29 1.02696e-017
5 30 -1.7036e-019
5 31 2.06676e-019
5 32 2.69801e-018
5 33 -1.93335e-019
5 34 1.13132e-018
5 35 -1.00691e-019
5 36 -5.77359e-019
5 37 -8.45974e-020
5 38 4.21399e-020
5 39 -1.00585e-020
5 40 -9.21148e-021
5 41 1.01379e-019
5 42 -1.01379e-019
5 43 -1.6263e-019
5 44 1.6263e-019
5 45 5.03602e-016
5 46 -1.52995e-019
5 47 -5.10254e-016
5 48 1.90582e-020
5 49 1.43643e-016
5 50 -6.98802e-021
5 51 -1.28749e-019
5 52 -1.69407e-020
5 53 3.854e-020
5 54 6.59098e-020
5 55 -1.35525e-019
5 56 -7.94411e-019
5 57 -3.21449e-019
5 58 7.12566e-019
5 59 7.94093e-020
5 60 -2.76556e-019
5 61 -1.36796e-019
5 62 -7.6233e-021
5 63 -1.52466e-020
5 64 3.81165e-021
5 65 1.38188e-018
5 66 -1.38188e-018
5 67 -1.42302e-018
5 68 1.42302e-018
5 69 3.24075e-016
5 70 -3.87518e-020
5 71 -3.33901e-016
5 72 4.27752e-020
5 73 9.54557e-017
5 74 4.5528e-020
5 75 1.1075e-019
5 76 2.5411e-020
5 77 -2.8185e-019
5 78 1.10008e-019
5 79 3.45589e-019
5 80 3.90694e-020
5 81 -1.891e-019
5 82 6.3104e-020
5 83 1.94818e-020
5 84 2.5411e-021
5 85 8.57621e-020
5 86 -3.64224e-020
5 87 -5.92923e-021
5 88 -2.56227e-020
5 89 -2.82962e-019
5 90 2.82962e-019
5 91 -1.89735e-019
5 92 1.89735e-019
5 93 3.95584e-016
5 94 -1.62419e-019
5 95 -4.01233e-016
5 96 -1.82112e-020
5 97 1.13944e-016
5 98 -7.55977e-020
5 99 3.30555e-019
5 100 -2.13876e-020
5 101 -2.22981e-019
5 102 1.72954e-019
5 103 8.40257e-019
5 104 8.79855e-020
5 105 -6.38451e-020
5 106 -1.13841e-018
5 107 -1.47172e-019
5 108 6.22569e-020
5 109 1.05879e-021
5 110 -2.43522e-020
5 111 3.81165e-021
5 112 2.60463e-020
5 113 -3.82679e-018
5 114 3.82679e-018
5 115 3.1103e-018
5 116 -3.1103e-018
5 117 1.01134e-015
5 118 -1.94818e-020
5 119 -1.02882e-015
5 120 1.37643e-020
5 121 2.93543e-016
5 122 -4.04458e-020
5 123 -1.99265e-019
5 124 2.64698e-020
5 125 -6.35275e-022
5 126 6.53989e-019
5 127 -9.82558e-020
5 128 -3.73542e-019
5 129 -2.31875e-020
5 130 -3.47495e-019
5 131 4.03399e-020
5 132 -1.39231e-019
5 133 -1.41243e-019
5 134 5.97158e-020
5 135 -1.03762e-020
5 136 8.04681e-021
6 0 -1.75388e-016
6 1 1.75461e-016
6 2 7.618e-020
6 3 -0.0106479
6 4 0.0106479
6 5 -9.42324e-021
6 6 0.012987
6 7 -0.012987
6 8 -8.65562e-020
6 9 -0.00420227
6 10 0.00420227
6 11 -2.22876e-020
6 12 -9.85523e-019
6 13 9.85523e-019
6 14 1.41349e-020
6 15 1.75388e-016
6 16 -1.75461e-016
6 17 -7.618e-020
6 18 -0.0106479
6 19 0.0106479
6 20 9.42324e-021
6 21 0.012987
6 22 -0.012987
6 23 8.65562e-020
6 24 -0.00420227
6 25 0.00420227
6 26 2.22876e-020
6 27 -9.85523e-019
6 28 9.85523e-019
6 29 -1.41349e-020
6 30 -1.48072e-019
6 31 -5.14996e-019
6 32 -6.56451e-021
6 33 3.34578e-020
6 34 7.3586e-020
6 35 2.35983e-018
6 36 1.52466e-020
6 37 -8.15269e-020
6 38 1.927e-020
6 39 -1.43996e-020
6 40 -1.24937e-020
6 41 2.60304e-019
6 42 -2.60304e-019
6 43 7.11508e-019
6 44 -7.11508e-019
6 45 -7.29401e-019
6 46 -2.42202e-016
6 47 1.48231e-020
6 48 2.96981e-016
6 49 -4.3834e-020
6 50 -9.78315e-017
6 51 -2.11758e-022
6 52 -7.26331e-020
6 53 3.51519e-020
6 54 2.58874e-020
6 55 -2.23617e-019
6 56 5.12773e-019
6 57 -1.1075e-019
6 58 -7.94093e-020
6 59 -3.45166e-019
6 60 4.59515e-020
6 61 -5.781e-020
6 62 -2.71051e-020
6 63 -1.03762e-020
6 64 2.35052e-020
6 65 -1.00522e-018
6 66 1.00522e-018
6 67 -6.36969e-019
6 68 6.36969e-019
6 69 -1.00585e-019
6 70 -1.6016e-016
6 71 1.8423e-020
6 72 1.93872e-016
6 73 1.07997e-020
6 74 -6.25663e-017
6 75 4.95514e-020
6 76 -2.07947e-019
6 77 3.34578e-020
6 78 -1.52413e-019
6 79 2.37169e-019
6 80 -1.32455e-019
6 81 -1.03762e-020
6 82 1.43149e-019
6 83 -1.16044e-019
6 84 -9.23266e-020
6 85 2.2277e-019
6 86 -6.90332e-020
6 87 4.87044e-021
6 88 -1.73642e-020
6 89 8.29139e-019
6 90 -8.29139e-019
6 91 5.55654e-019
6 92 -5.55654e-019
6 93 -1.86347e-019
6 94 -1.91263e-016
6 95 4.53163e-020
6 96 2.36748e-016
6 97 -3.9387e-020
6 98 -7.57978e-017
6 99 6.41627e-020
6 100 -4.05305e-019
6 101 2.32934e-021
6 102 -8.22681e-020
6 103 -3.86247e-019
6 104 1.0122e-019
6 105 2.98579e-020
6 106 -1.50984e-019
6 107 -1.22608e-019
6 108 2.18111e-020
6 109 1.17314e-019
6 110 5.10337e-020
6 111 5.71747e-021
6 112 3.55754e-020
6 113 3.67295e-019
6 114 -3.67295e-019
6 115 3.998e-019
6 116 -3.998e-019
6 117 -5.98217e-020
6 118 -4.92546e-016
6 119 5.39984e-020
6 120 6.00753e-016
6 121 4.23516e-021
6 122 -1.94698e-016
6 123 -4.87044e-021
6 124 5.09279e-019
6 125 0
6 126 2.90903e-019
6 127 -1.01644e-019
6 128 4.50833e-019
6 129 -8.61856e-020
6 130 6.78685e-020
6 131 2.32299e-019
6 132 4.04458e-020
6 133 -7.19978e-021
6 134 -2.26581e-020
6 135 -3.02814e-020
6 136 4.23516e-022
7 0 1.75388e-016
7 1 -1.75461e-016
7 2 -7.618e-020
7 3 0.0106479
7 4 -0.0106479
7 5 9.42324e-021
7 6 -0.012987
7 7 0.012987
7 8 8.65562e-020
7 9 0.00420227
7 10 -0.00420227
7 11 2.22876e-020
7 12 9.85523e-019
7 13 -9.85523e-019
7 14 -1.41349e-020
7 15 -1.75388e-016
7 16 1.75461e-016
7 17 7.618e-020
7 18 0.0106479
7 19 -0.0106479
7 20 -9.42324e-021
7 21 -0.012987
7 22 0.012987
7 23 -8.65562e-020
7 24 0.00420227
7 25 -0.00420227
7 26 -2.22876e-020
7 27 9.85523e-019
7 28 -9.85523e-019
7 29 1.41349e-020
7 30 1.48072e-019
7 31 5.14996e-019
7 32 6.56451e-021
7 33 -3.34578e-020
7 34 -7.3586e-020
7 35 -2.35983e-018
7 36 -1.52466e-020
7 37 8.15269e-020
7 38 -1.927e-020
7 39 1.43996e-020
7 40 1.24937e-020
7 41 -2.60304e-019
7 42 2.60304e-019
7 43 -7.11508e-019
7 44 7.11508e-019
7 45 7.29401e-019
7 46 2.42202e-016
7 47 -1.48231e-020
7 48 -2.96981e-016
7 49 4.3834e-020
7 50 9.78315e-017
7 51 2.11758e-022
7 52 7.26331e-020
7 53 -3.51519e-020
7 54 -2.58874e-020
7 55 2.23617e-019
7 56 -5.12773e-019
7 57 1.1075e-019
7 58 7.94093e-020
7 59 3.45166e-019
7 60 -4.59515e-020
7 61 5.781e-020
7 62 2.71051e-020
7 63 1.03762e-020
7 64 -2.35052e-020
7 65 1.00522e-018
7 66 -1.00522e-018
7 67 6.36969e-019
7 68 -6.36969e-019
7 69 1.00585e-019
7 70 1.6016e-016
7 71 -1.8423e-020
7 72 -1.93872e-016
7 73 -1.07997e-020
7 74 6.25663e-017
7 75 -4.95514e-020
7 76 2.07947e-019
7 77 -3.34578e-020
7 78 1.52413e-019
7 79 -2.37169e-019
7 80 1.32455e-019
7 81 1.03762e-020
7 82 -1.43149e-019
7 83 1.16044e-019
7 84 9.23266e-020
7 85 -2.2277e-019
7 86 6.90332e-020
7 87 -4.87044e-021
7 88 1.73642e-020
7 89 -8.29139e-019
7 90 8.29139e-019
7 91 -5.55654e-019
7 92 5.55654e-019
7 93 1.86347e-019
7 94 1.91263e-016
7 95 -4.53163e-020
7 96 -2.36748e-016
7 97 3.9387e-020
7 98 7.57978e-017
7 99 -6.41627e-020
7 100 4.05305e-019
7 101 -2.32934e-021
7 102 8.22681e-020
7 103 3.86247e-019
7 104 -1.0122e-019
7 105 -2.98579e-020
7 106 1.50984e-019
7 107 1.22608e-019
7 108 -2.18111e-020
7 109 -1.17314e-019
7 110 -5.10337e-020
7 111 -5.71747e-021
7 112 -3.55754e-020
7 113 -3.67295e-019
7 114 3.67295e-019
7 115 -3.998e-019
7 116 3.998e-019
7 117 5.98217e-020
7 118 4.92546e-016
7 119 -5.39984e-020
7 120 -6.00753e-016
7 121 -4.23516e-021
7 122 1.94698e-016
7 123 4.87044e-021
7 124 -5.09279e-019
7 125 0
7 126 -2.90903e-019
7 127 1.01644e-019
7 128 -4.50833e-019
7 129 8.61856e-020
7 130 -6.78685e-020
7 131 -2.32299e-019
7 132 -4.04458e-020
7 133 7.19978e-021
7 134 2.26581e-020
7 135 3.02814e-020
7 136 -4.23516e-022
8 0 2.43004e-017
8 1 2.48215e-017
8 2 4.28027e-017
8 3 9.34913e-020
8 4 -9.34913e-020
8 5 -0.00633114
8 6 -8.65562e-020
8 7 8.65562e-020
8 8 0.00854701
8 9 5.2516e-020
8 10 -5.2516e-020
8 11 -0.00299423
8 12 1.34996e-020
8 13 -1.34996e-020
8 14 -1.12877e-016
8 15 -2.43004e-017
8 16 -2.48215e-017
8 17 -4.28027e-017
8 18 9.34913e-020
8 19 -9.34913e-020
8 20 0.00633114
8 21 -8.65562e-020
8 22 8.65562e-020
8 23 -0.00854701
8 24 5.2516e-020
8 25 -5.2516e-020
8 26 0.00299423
8 27 1.34996e-020
8 28 -1.34996e-020
8 29 1.12877e-016
8 30 -3.29602e-019
8 31 1.89735e-019
8 32 -3.83282e-020
8 33 -5.80218e-020
8 34 -5.63806e-019
8 35 -7.28448e-020
8 36 -3.33943e-019
8 37 1.65171e-020
8 38 -1.24726e-019
8 39 3.51519e-020
8 40 2.26581e-020
8 41 -1.68141e-018
8 42 1.68141e-018
8 43 1.32137e-018
8 44 -1.32137e-018
8 45 -1.01432e-019
8 46 -1.37219e-019
8 47 1.44619e-016
8 48 1.18373e-019
8 49 -1.9725e-016
8 50 -2.4564e-020
8 51 6.73446e-017
8 52 1.24937e-019
8 53 -1.50772e-019
8 54 -1.20755e-019
8 55 2.71051e-020
8 56 -4.58457e-020
8 57 -8.51268e-020
8 58 1.50348e-019
8 59 -1.27267e-019
8 60 -6.35275e-020
8 61 -4.21399e-020
8 62 -1.47384e-019
8 63 3.81165e-021
8 64 -1.48231e-020
8 65 7.06373e-019
8 66 -7.06373e-019
8 67 -1.16552e-018
8 68 1.16552e-018
8 69 1.05e-018
8 70 1.77877e-020
8 71 9.55235e-017
8 72 -1.07997e-020
8 73 -1.28717e-016
8 74 -3.40931e-020
8 75 4.50895e-017
8 76 -5.06102e-020
8 77 8.85149e-020
8 78 -3.56707e-019
8 79 -3.38813e-019
8 80 -2.66815e-020
8 81 2.6258e-020
8 82 2.32934e-021
8 83 -7.03037e-020
8 84 1.88041e-019
8 85 -4.93397e-020
8 86 -8.49151e-020
8 87 3.49401e-020
8 88 6.35275e-021
8 89 -3.95829e-019
8 90 3.95829e-019
8 91 3.86247e-019
8 92 -3.86247e-019
8 93 -9.04525e-019
8 94 9.88911e-020
8 95 1.1431e-016
8 96 1.81689e-019
8 97 -1.5538e-016
8 98 1.27055e-020
8 99 5.38738e-017
8 100 -2.11758e-020
8 101 1.46537e-019
8 102 1.42143e-019
8 103 -6.77626e-020
8 104 -3.38813e-021
8 105 -9.99499e-020
8 106 -1.54795e-019
8 107 -6.24687e-020
8 108 -2.41404e-020
8 109 -2.98579e-020
8 110 -2.22346e-020
8 111 -4.25634e-020
8 112 1.16467e-020
8 113 1.01072e-018
8 114 -1.01072e-018
8 115 -7.52165e-019
8 116 7.52165e-019
8 117 -9.83405e-019
8 118 5.8657e-020
8 119 2.94099e-016
8 120 -2.79521e-020
8 121 -3.95641e-016
8 122 -1.24937e-020
8 123 1.38568e-016
8 124 4.02341e-021
8 125 -1.66018e-019
8 126 1.15461e-019
8 127 1.55854e-019
8 128 4.01282e-020
8 129 -1.45372e-019
8 130 -6.1304e-020
8 131 1.18796e-019
8 132 2.5411e-020
8 133 -1.3976e-020
8 134 -3.9387e-020
8 135 7.83505e-021
8 136 1.2282e-020
9 0 2.13275e-016
9 1 -2.13454e-016
9 2 -1.33196e-019
9 3 -3.24973e-016
9 4 3.24973e-016
9 5 3.86459e-020
9 6 -0.00420227
9 7 0.00420227
9 8 5.2516e-020
9 9 0.00606061
9 10 -0.00606061
9 11 -1.43996e-020
9 12 -0.00224224
9 13 0.00224224
9 14 4.18223e-021
9 15 -2.13275e-016
9 16 2.13454e-016
9 17 1.33196e-019
9 18 -3.24973e-016
9 19 3.24973e-016
9 20 -3.86459e-020
9 21 -0.00420227
9 22 0.00420227
9 23 -5.2516e-020
9 24 0.00606061
9 25 -0.00606061
9 26 1.43996e-020
9 27 -0.00224224
9 28 0.00224224
9 29 -4.18223e-021
9 30 1.89206e-019
9 31 4.74338e-020
9 32 1.97147e-019
9 33 1.2282e-020
9 34 5.74924e-020
9 35 1.3849e-019
9 36 5.12455e-020
9 37 1.45901e-019
9 38 -5.80218e-020
9 39 2.10488e-019
9 40 -4.65868e-020
9 41 2.68192e-019
9 42 -2.68192e-019
9 43 3.32037e-019
9 44 -3.32037e-019
9 45 -1.72583e-020
9 46 -2.39287e-020
9 47 -4.74338e-020
9 48 -9.76148e-017
9 49 7.6233e-021
9 50 1.3885e-016
9 51 2.09641e-020
9 52 -5.12559e-017
9 53 -4.23516e-021
9 54 -1.96088e-019
9 55 -8.80914e-020
9 56 -4.21399e-020
9 57 9.67735e-020
9 58 7.91976e-020
9 59 -2.11758e-022
9 60 4.21399e-020
9 61 -3.11285e-020
9 62 8.47033e-021
9 63 2.87991e-020
9 64 -4.44692e-021
9 65 -2.81321e-019
9 66 2.81321e-019
9 67 -2.1684e-019
9 68 2.1684e-019
9 69 1.28537e-019
9 70 -6.24687e-020
9 71 -9.635e-020
9 72 -6.24615e-017
9 73 -6.41627e-020
9 74 9.12943e-017
9 75 1.73642e-020
9 76 -3.37045e-017
9 77 -3.36696e-020
9 78 1.76553e-019
9 79 -4.06576e-020
9 80 -4.40457e-020
9 81 4.87044e-021
9 82 -3.13402e-020
9 83 1.10961e-019
9 84 -8.25857e-021
9 85 6.88214e-020
9 86 7.41154e-021
9 87 1.06303e-019
9 88 -2.28699e-020
9 89 2.34999e-019
9 90 -2.34999e-019
9 91 3.11708e-019
9 92 -3.11708e-019
9 93 2.90003e-019
9 94 1.73854e-019
9 95 3.49401e-020
9 96 -7.59028e-017
9 97 1.10114e-020
9 98 1.08931e-016
9 99 3.49401e-020
9 100 -4.05663e-017
9 101 -2.11758e-021
9 102 2.37328e-019
9 103 4.74338e-020
9 104 2.44793e-019
9 105 -3.68459e-020
9 106 -5.8657e-020
9 107 5.50571e-021
9 108 -6.52215e-020
9 109 6.98802e-021
9 110 2.66815e-020
9 111 -1.52466e-020
9 112 5.67512e-020
9 113 -1.01538e-019
9 114 1.01538e-019
9 115 -1.49078e-019
9 116 1.49078e-019
9 117 -5.6963e-020
9 118 3.25896e-019
9 119 -4.10811e-020
9 120 -1.94919e-016
9 121 -2.47757e-020
9 122 2.8094e-016
9 123 6.4798e-020
9 124 -1.04094e-016
9 125 5.59042e-020
9 126 5.32043e-020
9 127 -6.77626e-021
9 128 -1.94818e-019
9 129 -1.16467e-020
9 130 -6.54333e-020
9 131 4.70103e-020
9 132 -1.99053e-020
9 133 8.21622e-020
9 134 -1.05879e-021
9 135 2.71051e-020
9 136 4.19281e-020
10 0 -2.13275e-016
10 1 2.13454e-016
10 2 1.33196e-019
10 3 3.24973e-016
10 4 -3.24973e-016
10 5 -3.86459e-020
10 6 0.00420227
10 7 -0.00420227
10 8 -5.2516e-020
10 9 -0.00606061
10 10 0.00606061
10 11 1.43996e-020
10 12 0.00224224
10 13 -0.00224224
10 14 -4.18223e-021
10 15 2.13275e-016
10 16 -2.13454e-016
10 17 -1.33196e-019
10 18 3.24973e-016
10 19 -3.24973e-016
10 20 3.86459e-020
10 21 0.00420227
10 22 -0.00420227
10 23 5.2516e-020
10 24 -0.00606061
10 25 0.00606061
10 26 -1.43996e-020
10 27 0.00224224
10 28 -0.00224224
10 29 4.18223e-021
10 30 -1.89206e-019
10 31 -4.74338e-020
10 32 -1.97147e-019
10 33 -1.2282e-020
10 34 -5.74924e-020
10 35 -1.3849e-019
10 36 -5.12455e-020
10 37 -1.45901e-019
10 38 5.80218e-020
10 39 -2.10488e-019
10 40 4.65868e-020
10 41 -2.68192e-019
10 42 2.68192e-019
10 43 -3.32037e-019
10 44 3.32037e-019
10 45 1.72583e-020
10 46 2.39287e-020
10 47 4.74338e-020
10 48 9.76148e-017
10 49 -7.6233e-021
10 50 -1.3885e-016
10 51 -2.09641e-020
10 52 5.12559e-017
10 53 4.23516e-021
10 54 1.96088e-019
10 55 8.80914e-020
10 56 4.21399e-020
10 57 -9.67735e-020
10 58 -7.91976e-020
10 59 2.11758e-022
10 60 -4.21399e-020
10 61 3.11285e-020
10 62 -8.47033e-021
10 63 -2.87991e-020
10 64 4.44692e-021
10 65 2.81321e-019
10 66 -2.81321e-019
10 67 2.1684e-019
10 68 -2.1684e-019
10 69 -1.28537e-019
10 70 6.24687e-020
10 71 9.635e-020
10 72 6.24615e-017
10 73 6.41627e-020
10 74 -9.12943e-017
10 75 -1.73642e-020
10 76 3.37045e-017
10 77 3.36696e-020
10 78 -1.76553e-019
10 79 4.06576e-020
10 80 4.40457e-020
10 81 -4.87044e-021
10 82 3.13402e-020
10 83 -1.10961e-019
10 84 8.25857e-021
10 85 -6.88214e-020
10 86 -7.41154e-021
10 87 -1.06303e-019
10 88 2.28699e-020
10 89 -2.34999e-019
10 90 2.34999e-019
10 91 -3.11708e-019
10 92 3.11708e-019
10 93 -2.90003e-019
10 94 -1.73854e-019
10 95 -3.49401e-020
10 96 7.59028e-017
10 97 -1.10114e-020
10 98 -1.08931e-016
10 99 -3.49401e-020
10 100 4.05663e-017
10 101 2.11758e-021
10 102 -2.37328e-019
10 103 -4.74338e-020
10 104 -2.44793e-019
10 105 3.68459e-020
10 106 5.8657e-020
10 107 -5.50571e-021
10 108 6.52215e-020
10 109 -6.98802e-021
10 110 -2.66815e-020
10 111 1.52466e-020
10 112 -5.67512e-020
10 113 1.01538e-019
10 114 -1.01538e-019
10 115 1.49078e-019
10 116 -1.49078e-019
10 117 5.6963e-020
10 118 -3.25896e-019
10 119 4.10811e-020
10 120 1.94919e-016
10 121 2.47757e-020
10 122 -2.8094e-016
10 123 -6.4798e-020
10 124 1.04094e-016
10 125 -5.59042e-020
10 126 -5.32043e-020
10 127 6.77626e-021
10 128 1.94818e-019
10 129 1.16467e-020
10 130 6.54333e-020
10 131 -4.70103e-020
10 132 1.99053e-020
10 133 -8.21622e-020
10 134 1.05879e-021
10 135 -2.71051e-020
10 136 -4.19281e-020
11 0 3.80782e-016
11 1 3.80838e-016
11 2 -4.85769e-016
11 3 -4.39398e-021
11 4 4.39398e-021
11 5 8.1424e-017
11 6 -2.22876e-020
11 7 2.22876e-020
11 8 -0.00299423
11 9 -1.43996e-020
11 10 1.43996e-020
11 11 0.00452489
11 12 -5.0822e-021
11 13 5.0822e-021
11 14 -0.0017422
11 15 -3.80782e-016
11 16 -3.80838e-016
11 17 4.85769e-016
11 18 -4.39398e-021
11 19 4.39398e-021
11 20 -8.1424e-017
11 21 -2.22876e-020
11 22 2.22876e-020
11 23 0.00299423
11 24 -1.43996e-020
11 25 1.43996e-020
11 26 -0.00452489
11 27 -5.0822e-021
11 28 5.0822e-021
11 29 0.0017422
11 30 -3.7693e-020
11 31 1.55854e-019
11 32 2.05405e-020
11 33 -5.41042e-020
11 34 -1.05879e-020
11 35 4.34104e-020
11 36 5.14573e-020
11 37 4.42575e-020
11 38 -7.96211e-020
11 39 -3.36696e-020
11 40 1.00585e-019
11 41 -5.51948e-019
11 42 5.51948e-019
11 43 6.03087e-019
11 44 -6.03087e-019
11 45 6.3771e-019
11 46 6.79744e-020
11 47 -4.5401e-019
11 48 -6.56451e-021
11 49 6.747e-017
11 50 6.14099e-021
11 51 -1.04647e-016
11 52 3.59989e-021
11 53 4.0204e-017
11 54 3.34049e-020
11 55 4.74338e-020
11 56 4.25634e-020
11 57 9.04208e-020
11 58 -2.79521e-020
11 59 -1.35525e-020
11 60 -1.89735e-019
11 61 -1.01644e-020
11 62 -2.00747e-019
11 63 -8.47033e-021
11 64 -1.41878e-020
11 65 -7.24107e-019
11 66 7.24107e-019
11 67 6.43745e-019
11 68 -6.43745e-019
11 69 -1.07785e-019
11 70 3.45166e-020
11 71 -5.18808e-020
11 72 -7.64447e-020
11 73 4.49878e-017
11 74 -3.9387e-020
11 75 -6.80364e-017
11 76 1.88465e-020
11 77 2.60403e-017
11 78 3.00961e-019
11 79 7.45389e-020
11 80 -7.83505e-020
11 81 1.46113e-020
11 82 -3.30343e-020
11 83 4.19281e-020
11 84 -1.76395e-019
11 85 -2.09641e-020
11 86 -1.42725e-019
11 87 -3.59989e-020
11 88 4.74338e-020
11 89 -1.53895e-019
11 90 1.53895e-019
11 91 1.69407e-019
11 92 -1.69407e-019
11 93 1.29173e-019
11 94 4.34104e-020
11 95 -1.3002e-019
11 96 -3.70577e-020
11 97 5.37726e-017
11 98 -3.49401e-020
11 99 -8.13967e-017
11 100 5.0822e-021
11 101 3.1419e-017
11 102 -3.26637e-020
11 103 4.74338e-020
11 104 -5.39984e-021
11 105 1.2282e-020
11 106 1.60936e-020
11 107 -4.10811e-020
11 108 -1.90582e-021
11 109 -2.49875e-020
11 110 1.62207e-019
11 111 4.51045e-020
11 112 -1.71524e-020
11 113 -2.82591e-019
11 114 2.82591e-019
11 115 1.82959e-019
11 116 -1.82959e-019
11 117 9.4783e-019
11 118 -4.23516e-022
11 119 -1.01009e-019
11 120 -2.22346e-020
11 121 1.38617e-016
11 122 -6.81862e-020
11 123 -2.0924e-016
11 124 -6.01393e-020
11 125 8.05312e-017
11 126 1.70095e-019
11 127 -3.38813e-020
11 128 1.94818e-020
11 129 -1.73642e-020
11 130 3.26108e-020
11 131 -3.1552e-020
11 132 -1.12232e-019
11 133 -3.59989e-020
11 134 5.82335e-020
11 135 -8.08916e-020
11 136 -2.41404e-020
12 0 -2.35737e-016
12 1 2.35553e-016
12 2 -3.03344e-020
12 3 1.50064e-016
12 4 -1.50064e-016
12 5 3.17637e-022
12 6 -9.85523e-019
12 7 9.85523e-019
12 8 1.34996e-020
12 9 -0.00224224
12 10 0.00224224
12 11 -5.0822e-021
12 12 0.00350877
12 13 -0.00350877
12 14 3.40401e-020
12 15 2.35737e-016
12 16 -2.35553e-016
12 17 3.03344e-020
12 18 1.50064e-016
12 19 -1.50064e-016
12 20 -3.17637e-022
12 21 -9.85523e-019
12 22 9.85523e-019
12 23 -1.34996e-020
12 24 -0.00224224
12 25 0.00224224
12 26 5.0822e-021
12 27 0.00350877
12 28 -0.00350877
12 29 -3.40401e-020
12 30 -2.96462e-021
12 31 4.06576e-020
12 32 -1.3129e-020
12 33 -2.4564e-020
12 34 -3.38813e-021
12 35 -4.06576e-020
12 36 -2.13876e-020
12 37 1.98206e-019
12 38 3.38813e-020
12 39 2.43098e-019
12 40 1.90582e-020
12 41 -2.88521e-020
12 42 2.88521e-020
12 43 6.77626e-021
12 44 -6.77626e-021
12 45 3.61048e-020
12 46 2.68933e-019
12 47 2.94344e-020
12 48 -3.23355e-019
12 49 4.27752e-020
12 50 -5.12601e-017
12 51 -3.59989e-021
12 52 8.04378e-017
12 53 -2.13876e-020
12 54 -6.98802e-020
12 55 -5.42101e-020
12 56 6.56451e-021
12 57 1.88465e-020
12 58 -1.18585e-020
12 59 -2.22346e-020
12 60 2.96462e-021
12 61 -5.0822e-020
12 62 -5.0822e-021
12 63 -4.74338e-020
12 64 -7.41154e-021
12 65 4.70633e-020
12 66 -4.70633e-020
12 67 3.38813e-020
12 68 -3.38813e-020
12 69 6.86097e-020
12 70 -3.19331e-019
12 71 -3.72694e-020
12 72 2.75286e-020
12 73 -6.54333e-020
12 74 -3.36774e-017
12 75 -2.90109e-020
12 76 5.22986e-017
12 77 -2.6258e-020
12 78 1.15514e-019
12 79 8.13152e-020
12 80 3.59989e-021
12 81 -2.4564e-020
12 82 -4.65868e-020
12 83 2.49875e-020
12 84 7.34801e-020
12 85 -1.48231e-021
12 86 5.50571e-021
12 87 3.9387e-020
12 88 6.98802e-021
12 89 -4.48345e-019
12 90 4.48345e-019
12 91 -7.04731e-019
12 92 7.04731e-019
12 93 1.1742e-019
12 94 6.18334e-020
12 95 -7.41154e-021
12 96 1.27055e-021
12 97 -2.11758e-020
12 98 -4.04592e-017
12 99 -5.50571e-021
12 100 6.33691e-017
12 101 -1.65171e-020
12 102 -1.60619e-019
12 103 -2.98156e-019
12 104 -8.25857e-021
12 105 2.75286e-021
12 106 9.95264e-021
12 107 4.87044e-021
12 108 1.54584e-020
12 109 -4.29869e-020
12 110 3.28225e-020
12 111 -5.31513e-020
12 112 -9.1056e-021
12 113 -3.02814e-020
12 114 3.02814e-020
12 115 6.09864e-020
12 116 -6.09864e-020
12 117 6.34216e-020
12 118 5.03773e-019
12 119 1.48231e-021
12 120 2.04135e-019
12 121 -2.96462e-021
12 122 -1.0396e-016
12 123 5.92923e-021
12 124 1.62897e-016
12 125 -2.39287e-020
12 126 -5.75453e-020
12 127 9.48677e-020
12 128 1.01009e-019
12 129 -2.76344e-020
12 130 -3.70577e-020
12 131 -4.04458e-020
12 132 4.80691e-020
12 133 -2.71051e-020
12 134 3.02814e-020
12 135 -2.66815e-020
12 136 9.31736e-021
13 0 2.35737e-016
13 1 -2.35553e-016
13 2 3.03344e-020
13 3 -1.50064e-016
13 4 1.50064e-016
13 5 -3.17637e-022
13 6 9.85523e-019
13 7 -9.85523e-019
13 8 -1.34996e-020
13 9 0.00224224
13 10 -0.00224224
13 11 5.0822e-021
13 12 -0.00350877
13 13 0.00350877
13 14 -3.40401e-020
13 15 -2.35737e-016
13 16 2.35553e-016
13 17 -3.03344e-020
13 18 -1.50064e-016
13 19 1.50064e-016
13 20 3.17637e-022
13 21 9.85523e-019
13 22 -9.85523e-019
13 23 1.34996e-020
13 24 0.00224224
13 25 -0.00224224
13 26 -5.0822e-021
13 27 -0.00350877
13 28 0.00350877
13 29 3.40401e-020
13 30 2.96462e-021
13 31 -4.06576e-020
13 32 1.3129e-020
13 33 2.4564e-020
13 34 3.38813e-021
13 35 4.06576e-020
13 36 2.13876e-020
13 37 -1.98206e-019
13 38 -3.38813e-020
13 39 -2.43098e-019
13 40 -1.90582e-020
13 41 2.88521e-020
13 42 -2.88521e-020
13 43 -6.77626e-021
13 44 6.77626e-021
13 45 -3.61048e-020
13 46 -2.68933e-019
13 47 -2.94344e-020
13 48 3.23355e-019
13 49 -4.27752e-020
13 50 5.12601e-017
13 51 3.59989e-021
13 52 -8.04378e-017
13 53 2.13876e-020
13 54 6.98802e-020
13 55 5.42101e-020
13 56 -6.56451e-021
13 57 -1.88465e-020
13 58 1.18585e-020
13 59 2.22346e-020
13 60 -2.96462e-021
13 61 5.0822e-020
13 62 5.0822e-021
13 63 4.74338e-020
13 64 7.41154e-021
13 65 -4.70633e-020
13 66 4.70633e-020
13 67 -3.38813e-020
13 68 3.38813e-020
13 69 -6.86097e-020
13 70 3.19331e-019
13 71 3.72694e-020
13 72 -2.75286e-020
13 73 6.54333e-020
13 74 3.36774e-017
13 75 2.90109e-020
13 76 -5.22986e-017
13 77 2.6258e-020
13 78 -1.15514e-019
13 79 -8.13152e-020
13 80 -3.59989e-021
13 81 2.4564e-020
13 82 4.65868e-020
13 83 -2.49875e-020
13 84 -7.34801e-020
13 85 1.48231e-021
13 86 -5.50571e-021
13 87 -3.9387e-020
13 88 -6.98802e-021
13 89 4.48345e-019
13 90 -4.48345e-019
13 91 7.04731e-019
13 92 -7.04731e-019
13 93 -1.1742e-019
13 94 -6.18334e-020
13 95 7.41154e-021
13 96 -1.27055e-021
13 97 2.11758e-020
13 98 4.04592e-017
13 99 5.50571e-021
13 100 -6.33691e-017
13 101 1.65171e-020
13 102 1.60619e-019
13 103 2.98156e-019
13 104 8.25857e-021
13 105 -2.75286e-021
13 106 -9.95264e-021
13 107 -4.87044e-021
13 108 -1.54584e-020
13 109 4.29869e-020
13 110 -3.28225e-020
13 111 5.31513e-020
13 112 9.1056e-021
13 113 3.02814e-020
13 114 -3.02814e-020
13 115 -6.09864e-020
13 116 6.09864e-020
13 117 -6.34216e-020
13 118 -5.03773e-019
13 119 -1.48231e-021
13 120 -2.04135e-019
13 121 2.96462e-021
13 122 1.0396e-016
13 123 -5.92923e-021
13 124 -1.62897e-016
13 125 2.39287e-020
13 126 5.75453e-020
13 127 -9.48677e-020
13 128 -1.01009e-019
13 129 2.76344e-020
13 130 3.70577e-020
13 131 4.04458e-020
13 132 -4.80691e-020
13 133 2.71051e-020
13 134 -3.02814e-020
13 135 2.66815e-020
13 136 -9.31736e-021
14 0 -6.23761e-016
14 1 -6.23614e-016
14 2 5.51147e-016
14 3 -9.74088e-021
14 4 9.74088e-021
14 5 -1.02696e-017
14 6 1.41349e-020
14 7 -1.41349e-020
14 8 -1.12877e-016
14 9 4.18223e-021
14 10 -4.18223e-021
14 11 -0.0017422
14 12 3.40401e-020
14 13 -3.40401e-020
14 14 0.00280112
14 15 6.23761e-016
14 16 6.23614e-016
14 17 -5.51147e-016
14 18 -9.74088e-021
14 19 9.74088e-021
14 20 1.02696e-017
14 21 1.41349e-020
14 22 -1.41349e-020
14 23 1.12877e-016
14 24 4.18223e-021
14 25 -4.18223e-021
14 26 0.0017422
14 27 3.40401e-020
14 28 -3.40401e-020
14 29 -0.00280112
14 30 -2.86403e-020
14 31 -4.06576e-020
14 32 7.41154e-021
14 33 -2.47757e-020
14 34 -2.26581e-020
14 35 -8.04681e-021
14 36 -2.75286e-021
14 37 1.18585e-020
14 38 -1.96935e-020
14 39 -4.27752e-020
14 40 -1.1075e-019
14 41 -4.37281e-020
14 42 4.37281e-020
14 43 2.03288e-019
14 44 -2.03288e-019
14 45 5.40089e-019
14 46 3.38813e-021
14 47 1.47384e-019
14 48 -7.83505e-021
14 49 -2.4564e-019
14 50 4.23516e-021
14 51 4.04242e-017
14 52 1.46113e-020
14 53 -6.50447e-017
14 54 3.50989e-020
14 55 6.77626e-021
14 56 -3.30343e-020
14 57 1.2282e-020
14 58 3.81165e-021
14 59 -2.96462e-021
14 60 3.91753e-020
14 61 5.29396e-021
14 62 -3.7693e-020
14 63 1.41878e-020
14 64 4.34104e-020
14 65 2.40663e-019
14 66 -2.40663e-019
14 67 -2.57498e-019
14 68 2.57498e-019
14 69 -4.51363e-019
14 70 -4.25634e-020
14 71 -2.68298e-019
14 72 -1.65171e-020
14 73 1.22396e-019
14 74 4.04458e-020
14 75 2.59895e-017
14 76 1.94818e-020
14 77 -4.20812e-017
14 78 -3.24519e-020
14 79 -2.71051e-020
14 80 6.79744e-020
14 81 -3.38813e-021
14 82 1.48231e-021
14 83 3.81165e-021
14 84 1.99053e-020
14 85 -9.31736e-021
14 86 -5.75982e-020
14 87 2.0117e-020
14 88 5.75982e-020
14 89 -4.49669e-019
14 90 4.49669e-019
14 91 4.67562e-019
14 92 -4.67562e-019
14 93 6.73074e-019
14 94 1.96935e-020
14 95 4.13776e-019
14 96 7.6233e-021
14 97 5.1669e-020
14 98 2.32934e-021
14 99 3.16155e-017
14 100 -4.23516e-022
14 101 -5.04882e-017
14 102 -1.49554e-019
14 103 6.77626e-021
14 104 -2.21287e-020
14 105 1.07997e-020
14 106 -1.46113e-020
14 107 -8.47033e-021
14 108 0
14 109 4.02341e-021
14 110 -3.59989e-021
14 111 2.28699e-020
14 112 -4.63751e-020
14 113 6.40622e-019
14 114 -6.40622e-019
14 115 -4.87891e-019
14 116 4.87891e-019
14 117 7.68682e-020
14 118 2.75286e-020
14 119 -2.77403e-020
14 120 3.38813e-020
14 121 1.01644e-020
14 122 -6.94567e-020
14 123 8.05446e-017
14 124 -1.67289e-020
14 125 -1.29659e-016
14 126 -5.10867e-020
14 127 -3.38813e-020
14 128 -1.71418e-019
14 129 1.35525e-020
14 130 -5.29396e-021
14 131 -7.19978e-021
14 132 1.82112e-020
14 133 3.9387e-020
14 134 -2.58345e-020
14 135 7.83505e-021
14 136 -3.62107e-020
15 0 -0.333333
15 1 -0.166667
15 2 0.204124
15 3 0.0527046
15 4 -0.0527046
15 5 5.01745e-016
15 6 1.75388e-016
15 7 -1.75388e-016
15 8 -2.43004e-017
15 9 -2.13275e-016
15 10 2.13275e-016
15 11 -3.80782e-016
15 12 2.35737e-016
15 13 -2.35737e-016
15 14 6.23761e-016
15 15 0.333333
15 16 0.166667
15 17 -0.204124
15 18 0.0527046
15 19 -0.0527046
15 20 -5.01745e-016
15 21 1.75388e-016
15 22 -1.75388e-016
15 23 2.43004e-017
15 24 -2.13275e-016
15 25 2.13275e-016
15 26 3.80782e-016
15 27 2.35737e-016
15 28 -2.35737e-016
15 29 -6.23761e-016
15 30 -4.3629e-017
15 31 9.00735e-018
15 32 -4.40203e-017
15 33 -2.3765e-017
15 34 -5.90276e-019
15 35 -3.28755e-020
15 36 -4.8175e-020
15 37 -5.47395e-020
15 38 6.56451e-020
15 39 7.49624e-020
15 40 1.23508e-019
15 41 7.62134e-015
15 42 -7.62134e-015
15 43 -3.81197e-015
15 44 3.81197e-015
15 45 -4.65295e-015
15 46 1.20262e-015
15 47 -1.40242e-018
15 48 1.5614e-018
15 49 -2.15993e-019
15 50 4.98585e-019
15 51 2.53845e-019
15 52 2.08264e-019
15 53 -1.79942e-019
15 54 1.20896e-017
15 55 -2.91888e-018
15 56 1.58665e-017
15 57 -3.98402e-018
15 58 3.67771e-019
15 59 -1.90953e-019
15 60 3.37596e-019
15 61 2.24993e-020
15 62 9.53441e-020
15 63 3.89635e-020
15 64 -4.18752e-020
15 65 5.03307e-015
15 66 -5.03307e-015
15 67 -2.50287e-015
15 68 2.50287e-015
15 69 -3.08238e-015
15 70 7.90327e-016
15 71 -1.24636e-018
15 72 -7.68682e-020
15 73 -8.14793e-019
15 74 -4.99855e-019
15 75 6.21616e-019
15 76 1.55431e-019
15 77 -5.65924e-019
15 78 -6.35565e-018
15 79 -7.17267e-018
15 80 1.40721e-018
