0 0 4
0 1 5.91974e-017
0 2 2.89651e-014
0 3 1.23599e-017
0 4 1.41571e-014
0 5 4.33681e-019
0 6 1.41903e-014
0 7 4.33681e-019
0 8 3.17653e-014
0 9 -5.42101e-019
0 10 -1.25764e-014
0 11 -4.98733e-018
0 12 -9.54098e-018
0 13 -5.42101e-018
0 14 -2.38524e-018
0 15 -2.38524e-018
0 16 6.50521e-019
0 17 0
0 18 -1.0842e-018
0 19 5.42101e-019
0 20 5.42101e-019
0 21 -3.79471e-019
0 22 2.88359e-014
0 23 -2.19009e-017
0 24 5.42101e-018
0 25 0
0 26 4.33681e-018
0 27 -8.67362e-019
0 28 -8.23994e-018
0 29 2.1684e-019
0 30 -2.05998e-018
0 31 -1.0842e-018
0 32 -2.33103e-018
0 33 -4.83554e-017
0 34 -1.51788e-018
0 35 2.1684e-018
0 36 4.33681e-019
0 37 1.95156e-018
0 38 8.67362e-019
0 39 6.50521e-019
0 40 3.25261e-019
0 41 -3.25261e-019
0 42 -3.25261e-019
0 43 5.42101e-020
0 44 1.41835e-014
0 45 -4.33681e-019
0 46 3.03577e-018
0 47 3.68629e-018
0 48 8.67362e-018
0 49 -6.50521e-019
0 50 -3.36103e-018
0 51 -2.1684e-019
0 52 1.0842e-018
0 53 -3.25261e-019
0 54 -8.13152e-019
0 55 -1.21431e-017
0 56 1.0842e-018
0 57 -4.33681e-019
0 58 -1.95156e-018
0 59 8.67362e-019
0 60 -6.50521e-019
0 61 -7.58942e-019
0 62 -7.58942e-019
0 63 5.42101e-019
0 64 2.1684e-019
0 65 1.6263e-019
0 66 1.41491e-014
0 67 -4.11997e-018
0 68 4.33681e-019
0 69 1.73472e-018
0 70 -5.20417e-018
0 71 3.25261e-019
0 72 -1.0842e-019
0 73 1.30104e-018
0 74 -2.05998e-018
0 75 -2.1684e-019
0 76 6.50521e-019
0 77 5.63785e-018
0 78 3.68629e-018
0 79 4.33681e-019
0 80 -8.67362e-019
0 81 -8.67362e-019
0 82 4.33681e-019
0 83 2.1684e-019
0 84 -2.1684e-019
0 85 0
0 86 3.79471e-019
0 87 2.1684e-019
0 88 3.17504e-014
0 89 1.1601e-017
0 90 -4.66207e-018
0 91 -1.19262e-018
0 92 8.67362e-019
0 93 5.42101e-019
0 94 -1.0842e-018
0 95 5.42101e-019
0 96 3.30682e-018
0 97 0
0 98 2.33103e-018
0 99 -6.39679e-018
0 100 4.87891e-018
0 101 -3.57787e-018
0 102 -4.33681e-019
0 103 4.33681e-019
0 104 -6.50521e-019
0 105 -3.25261e-019
0 106 -1.0842e-019
0 107 -5.42101e-020
0 108 0
0 109 -1.0842e-019
0 110 -1.25569e-014
0 111 -1.68051e-018
0 112 -3.63208e-018
0 113 -8.13152e-019
0 114 -1.19262e-018
0 115 -4.87891e-019
0 116 1.0842e-018
0 117 6.50521e-019
0 118 2.38524e-018
0 119 -1.0842e-019
0 120 1.5992e-018
1 0 5.91974e-017
1 1 1.33333
1 2 -2.1684e-019
1 3 2.04875e-014
1 4 1.0842e-018
1 5 1.45051e-014
1 6 -3.68629e-018
1 7 2.33106e-014
1 8 8.67362e-019
1 9 1.32586e-014
1 10 1.13841e-018
1 11 -9.54098e-018
1 12 -3.20924e-017
1 13 -2.60209e-018
1 14 8.67362e-019
1 15 1.95156e-018
1 16 -1.0842e-018
1 17 2.1684e-019
1 18 -1.0842e-019
1 19 -5.42101e-019
1 20 -2.1684e-019
1 21 5.42101e-020
1 22 -2.19009e-017
1 23 9.70881e-015
1 24 -1.0842e-018
1 25 4.11997e-018
1 26 0
1 27 4.11997e-018
1 28 4.33681e-019
1 29 -3.14419e-018
1 30 -2.1684e-019
1 31 2.1684e-019
1 32 -2.71051e-019
1 33 -1.51788e-018
1 34 -1.84314e-017
1 35 -8.67362e-019
1 36 -6.50521e-019
1 37 -8.67362e-019
1 38 0
1 39 2.1684e-019
1 40 -1.0842e-019
1 41 3.25261e-019
1 42 3.25261e-019
1 43 -3.25261e-019
1 44 -4.33681e-019
1 45 4.69091e-015
1 46 2.1684e-018
1 47 3.46945e-018
1 48 -1.51788e-018
1 49 -2.1684e-018
1 50 -4.33681e-019
1 51 2.1684e-018
1 52 3.25261e-019
1 53 -1.0842e-019
1 54 1.0842e-019
1 55 1.0842e-018
1 56 1.95156e-018
1 57 4.33681e-019
1 58 0
1 59 -4.33681e-019
1 60 -2.1684e-019
1 61 -3.25261e-019
1 62 -1.0842e-019
1 63 -2.1684e-019
1 64 -1.0842e-019
1 65 0
1 66 -4.11997e-018
1 67 4.7165e-015
1 68 1.30104e-018
1 69 8.67362e-018
1 70 -4.33681e-019
1 71 7.58942e-019
1 72 -3.25261e-019
1 73 -4.44523e-018
1 74 -4.33681e-019
1 75 6.50521e-019
1 76 2.71051e-019
1 77 3.68629e-018
1 78 -1.73472e-018
1 79 1.84314e-018
1 80 1.0842e-019
1 81 7.58942e-019
1 82 0
1 83 0
1 84 -2.1684e-019
1 85 -3.25261e-019
1 86 -1.0842e-019
1 87 2.1684e-019
1 88 1.1601e-017
1 89 1.05988e-014
1 90 -3.25261e-019
1 91 1.6263e-018
1 92 8.67362e-019
1 93 4.33681e-019
1 94 0
1 95 1.0842e-018
1 96 0
1 97 2.6563e-018
1 98 -1.35525e-019
1 99 4.87891e-018
1 100 1.30104e-018
1 101 -1.73472e-018
1 102 1.0842e-018
1 103 0
1 104 4.33681e-019
1 105 0
1 106 2.1684e-019
1 107 1.0842e-019
1 108 -1.0842e-019
1 109 2.71051e-020
1 110 -1.68051e-018
1 111 -4.18616e-015
1 112 -3.95734e-018
1 113 -3.36103e-018
1 114 6.50521e-019
1 115 -5.42101e-019
1 116 3.25261e-019
1 117 1.95156e-018
1 118 0
1 119 7.04731e-019
1 120 1.6263e-019
2 0 2.89651e-014
2 1 -2.1684e-019
2 2 0.8
2 3 -9.32414e-018
2 4 1.87148e-014
2 5 -8.67362e-019
2 6 2.13594e-014
2 7 0
2 8 1.27079e-014
2 9 4.33681e-019
2 10 8.06782e-015
2 11 -5.42101e-018
2 12 -8.67362e-019
2 13 -1.0842e-018
2 14 -1.95156e-018
2 15 6.50521e-019
2 16 4.33681e-019
2 17 4.33681e-019
2 18 0
2 19 0
2 20 0
2 21 0
2 22 5.42101e-018
2 23 -1.0842e-018
2 24 5.67276e-015
2 25 6.93889e-018
2 26 -1.51788e-018
2 27 4.33681e-019
2 28 -2.1684e-018
2 29 2.1684e-019
2 30 2.38524e-018
2 31 -2.1684e-019
2 32 -1.95156e-018
2 33 2.1684e-018
2 34 4.33681e-018
2 35 8.45678e-018
2 36 2.1684e-019
2 37 -1.0842e-018
2 38 0
2 39 2.1684e-019
2 40 0
2 41 0
2 42 0
2 43 0
2 44 3.03577e-018
2 45 -3.90313e-018
2 46 2.81828e-015
2 47 3.25261e-018
2 48 -1.0842e-018
2 49 -8.67362e-019
2 50 4.01155e-018
2 51 0
2 52 1.6263e-018
2 53 0
2 54 -1.68051e-018
2 55 -4.33681e-019
2 56 4.33681e-019
2 57 -4.33681e-019
2 58 -4.33681e-019
2 59 -4.33681e-019
2 60 4.33681e-019
2 61 0
2 62 0
2 63 2.1684e-019
2 64 0
2 65 0
2 66 4.33681e-019
2 67 3.46945e-018
2 68 2.84495e-015
2 69 8.67362e-019
2 70 -2.60209e-018
2 71 4.33681e-019
2 72 -1.51788e-018
2 73 0
2 74 7.58942e-019
2 75 0
2 76 2.54788e-018
2 77 4.33681e-019
2 78 -5.42101e-019
2 79 -2.60209e-018
2 80 3.25261e-019
2 81 -5.42101e-019
2 82 -2.1684e-019
2 83 -2.1684e-019
2 84 -1.0842e-019
2 85 -1.0842e-019
2 86 -1.0842e-019
2 87 -1.0842e-019
2 88 -4.66207e-018
2 89 5.42101e-019
2 90 6.35516e-015
2 91 -3.03577e-018
2 92 1.19262e-018
2 93 0
2 94 3.25261e-019
2 95 -2.1684e-019
2 96 7.58942e-019
2 97 0
2 98 2.24972e-018
2 99 -3.57787e-018
2 100 -2.1684e-019
2 101 0
2 102 -9.75782e-019
2 103 -2.1684e-019
2 104 -1.0842e-019
2 105 -5.42101e-020
2 106 0
2 107 2.71051e-019
2 108 0
2 109 0
2 110 -3.63208e-018
2 111 -2.05998e-018
2 112 -2.51318e-015
2 113 -1.35525e-018
2 114 -2.71051e-019
2 115 8.67362e-019
2 116 2.11419e-018
2 117 0
2 118 -1.00289e-018
2 119 1.0842e-019
2 120 -6.50521e-019
3 0 1.23599e-017
3 1 2.04875e-014
3 2 -9.32414e-018
3 3 0.571429
3 4 -1.30104e-018
3 5 2.39665e-014
3 6 -8.67362e-019
3 7 1.1509e-014
3 8 0
3 9 1.07982e-014
3 10 -5.42101e-020
3 11 -2.38524e-018
3 12 -5.63785e-018
3 13 -1.0842e-018
3 14 -4.33681e-019
3 15 -8.67362e-019
3 16 -2.1684e-019
3 17 -4.33681e-019
3 18 7.58942e-019
3 19 0
3 20 0
3 21 0
3 22 0
3 23 1.06252e-017
3 24 7.37257e-018
3 25 4.15119e-015
3 26 -1.51788e-018
3 27 -2.81893e-018
3 28 2.1684e-019
3 29 -1.30104e-018
3 30 6.50521e-019
3 31 -8.67362e-019
3 32 0
3 33 4.33681e-019
3 34 -6.50521e-019
3 35 -3.03577e-018
3 36 -4.33681e-018
3 37 -6.50521e-019
3 38 -4.33681e-019
3 39 6.50521e-019
3 40 0
3 41 0
3 42 -3.25261e-019
3 43 2.1684e-019
3 44 3.68629e-018
3 45 8.0231e-018
3 46 1.73472e-018
3 47 2.02898e-015
3 48 -4.33681e-019
3 49 1.0842e-018
3 50 -2.1684e-019
3 51 1.30104e-018
3 52 0
3 53 -1.19262e-018
3 54 -1.0842e-019
3 55 -1.95156e-018
3 56 -8.67362e-019
3 57 1.30104e-018
3 58 -1.95156e-018
3 59 0
3 60 -5.42101e-019
3 61 -2.1684e-019
3 62 0
3 63 0
3 64 0
3 65 0
3 66 1.73472e-018
3 67 6.93889e-018
3 68 2.38524e-018
3 69 2.03234e-015
3 70 5.42101e-019
3 71 -6.39679e-018
3 72 0
3 73 -5.42101e-019
3 74 -3.25261e-019
3 75 -8.67362e-019
3 76 -1.0842e-019
3 77 -8.67362e-019
3 78 1.0842e-019
3 79 3.25261e-019
3 80 2.27682e-018
3 81 -8.67362e-019
3 82 0
3 83 -3.25261e-019
3 84 1.0842e-019
3 85 1.0842e-019
3 86 0
3 87 0
3 88 -1.19262e-018
3 89 2.49366e-018
3 90 3.25261e-019
3 91 4.53142e-015
3 92 -1.30104e-018
3 93 -4.33681e-019
3 94 -3.25261e-019
3 95 3.84892e-018
3 96 0
3 97 -2.00577e-018
3 98 2.71051e-020
3 99 -4.33681e-019
3 100 -1.0842e-019
3 101 -1.0842e-019
3 102 -2.1684e-019
3 103 -3.25261e-019
3 104 -4.33681e-019
3 105 -4.87891e-019
3 106 0
3 107 0
3 108 -2.71051e-020
3 109 0
3 110 -8.13152e-019
3 111 -4.87891e-018
3 112 -1.13841e-018
3 113 -1.80091e-015
3 114 6.50521e-019
3 115 -9.75782e-019
3 116 1.0842e-019
3 117 1.0842e-018
3 118 -2.71051e-020
3 119 5.14996e-019
3 120 1.6263e-019
4 0 1.41571e-014
4 1 1.0842e-018
4 2 1.87148e-014
4 3 -1.30104e-018
4 4 0.444444
4 5 -3.46945e-018
4 6 1.45532e-014
4 7 -3.25261e-019
4 8 1.21588e-014
4 9 4.33681e-019
4 10 1.61258e-014
4 11 -2.38524e-018
4 12 2.1684e-019
4 13 2.1684e-019
4 14 1.73472e-018
4 15 8.23994e-018
4 16 1.0842e-018
4 17 5.42101e-019
4 18 0
4 19 -2.1684e-019
4 20 2.1684e-019
4 21 -1.0842e-019
4 22 4.33681e-018
4 23 0
4 24 -5.85469e-018
4 25 -3.25261e-018
4 26 3.24307e-015
4 27 2.1684e-018
4 28 -2.60209e-018
4 29 2.1684e-019
4 30 1.0842e-018
4 31 -2.1684e-019
4 32 -2.1684e-018
4 33 1.95156e-018
4 34 4.33681e-019
4 35 1.0842e-018
4 36 6.50521e-019
4 37 8.89046e-018
4 38 8.67362e-019
4 39 1.0842e-019
4 40 0
4 41 -1.0842e-019
4 42 1.0842e-019
4 43 1.0842e-019
4 44 8.67362e-018
4 45 -1.73472e-018
4 46 -2.38524e-018
4 47 1.0842e-018
4 48 1.5979e-015
4 49 -5.42101e-019
4 50 1.19262e-018
4 51 0
4 52 -3.25261e-019
4 53 5.42101e-020
4 54 2.1684e-019
4 55 8.67362e-019
4 56 -6.50521e-019
4 57 0
4 58 8.67362e-019
4 59 -3.79471e-018
4 60 -1.95156e-018
4 61 -1.0842e-019
4 62 1.0842e-019
4 63 1.0842e-019
4 64 0
4 65 0
4 66 -5.20417e-018
4 67 -1.0842e-018
4 68 -6.39679e-018
4 69 -1.19262e-018
4 70 1.58489e-015
4 71 1.0842e-019
4 72 -1.0842e-018
4 73 2.1684e-019
4 74 2.1684e-019
4 75 -1.0842e-019
4 76 -1.95156e-018
4 77 -8.67362e-019
4 78 2.1684e-019
4 79 2.1684e-019
4 80 6.50521e-019
4 81 -4.44523e-018
4 82 -8.67362e-019
4 83 5.42101e-019
4 84 0
4 85 -5.42101e-020
4 86 -5.42101e-020
4 87 -1.0842e-019
4 88 8.67362e-019
4 89 7.58942e-019
4 90 6.50521e-019
4 91 1.73472e-018
4 92 3.52843e-015
4 93 0
4 94 7.58942e-019
4 95 5.42101e-020
4 96 1.0842e-018
4 97 -1.0842e-019
4 98 5.42101e-019
4 99 4.33681e-019
4 100 1.0842e-019
4 101 1.0842e-019
4 102 9.75782e-019
4 103 -1.0842e-018
4 104 8.67362e-019
4 105 -4.87891e-019
4 106 -5.42101e-020
4 107 -1.6263e-019
4 108 0
4 109 2.71051e-020
4 110 -1.19262e-018
4 111 4.33681e-019
4 112 -5.42101e-020
4 113 -2.1684e-019
4 114 -1.39477e-015
4 115 2.38524e-018
4 116 5.42101e-019
4 117 0
4 118 7.04731e-019
4 119 0
4 120 7.86047e-019
5 0 4.33681e-019
5 1 1.45051e-014
5 2 -8.67362e-019
5 3 2.39665e-014
5 4 -3.46945e-018
5 5 0.363636
5 6 -3.03577e-018
5 7 1.38751e-014
5 8 9.75782e-019
5 9 1.31815e-014
5 10 -2.1684e-019
5 11 6.50521e-019
5 12 -1.51788e-018
5 13 4.33681e-019
5 14 8.67362e-019
5 15 -1.51788e-018
5 16 2.1684e-018
5 17 5.42101e-019
5 18 4.33681e-019
5 19 0
5 20 0
5 21 0
5 22 -8.67362e-019
5 23 4.77049e-018
5 24 -4.33681e-019
5 25 -8.67362e-019
5 26 1.0842e-018
5 27 2.64556e-015
5 28 -1.6263e-018
5 29 2.05998e-018
5 30 0
5 31 -1.0842e-019
5 32 -4.87891e-019
5 33 8.67362e-019
5 34 0
5 35 -4.33681e-019
5 36 0
5 37 -8.67362e-019
5 38 1.0842e-018
5 39 1.0842e-019
5 40 2.1684e-019
5 41 0
5 42 0
5 43 -1.0842e-019
5 44 -6.50521e-019
5 45 -6.50521e-019
5 46 0
5 47 6.50521e-019
5 48 -9.75782e-019
5 49 1.29671e-015
5 50 -1.0842e-019
5 51 2.05998e-018
5 52 -2.1684e-019
5 53 -3.79471e-019
5 54 1.0842e-019
5 55 -6.50521e-019
5 56 2.1684e-019
5 57 -2.1684e-019
5 58 -1.0842e-019
5 59 1.6263e-018
5 60 4.33681e-019
5 61 -6.50521e-019
5 62 2.1684e-019
5 63 0
5 64 5.42101e-020
5 65 5.42101e-020
5 66 3.25261e-019
5 67 -3.25261e-019
5 68 4.33681e-019
5 69 -3.25261e-018
5 70 1.0842e-019
5 71 1.29638e-015
5 72 2.1684e-019
5 73 1.19262e-018
5 74 -3.25261e-019
5 75 -7.04731e-019
5 76 3.25261e-019
5 77 4.33681e-019
5 78 -2.1684e-019
5 79 -3.25261e-019
5 80 -2.1684e-019
5 81 -1.73472e-018
5 82 -1.40946e-018
5 83 -1.19262e-018
5 84 -2.71051e-019
5 85 0
5 86 2.1684e-019
5 87 5.42101e-020
5 88 5.42101e-019
5 89 5.42101e-019
5 90 6.50521e-019
5 91 1.30104e-018
5 92 8.67362e-019
5 93 2.89027e-015
5 94 7.04731e-019
5 95 2.00577e-018
5 96 4.33681e-019
5 97 4.33681e-019
5 98 -1.0842e-019
5 99 -6.50521e-019
5 100 -3.25261e-019
5 101 0
5 102 0
5 103 -7.58942e-019
5 104 -9.21572e-019
5 105 2.1684e-019
5 106 -2.1684e-019
5 107 5.42101e-020
5 108 8.13152e-020
5 109 5.42101e-020
5 110 -4.87891e-019
5 111 1.73472e-018
5 112 -2.1684e-019
5 113 -1.30104e-018
5 114 1.40946e-018
5 115 -1.14356e-015
5 116 5.96311e-019
5 117 2.33103e-018
5 118 -2.1684e-019
5 119 3.79471e-019
5 120 2.30393e-019
6 0 1.41903e-014
6 1 -3.68629e-018
6 2 2.13594e-014
6 3 -8.67362e-019
6 4 1.45532e-014
6 5 -3.03577e-018
6 6 0.307692
6 7 -2.1684e-019
6 8 1.58545e-014
6 9 2.1684e-019
6 10 1.05238e-014
6 11 0
6 12 -4.33681e-019
6 13 2.1684e-019
6 14 -4.33681e-019
6 15 1.0842e-019
6 16 -3.25261e-019
6 17 -1.95156e-018
6 18 1.51788e-018
6 19 7.58942e-019
6 20 0
6 21 -1.6263e-019
6 22 -8.23994e-018
6 23 6.50521e-019
6 24 -8.67362e-019
6 25 -8.67362e-019
6 26 -4.77049e-018
6 27 6.50521e-019
6 28 2.21405e-015
6 29 2.1684e-019
6 30 -1.73472e-018
6 31 0
6 32 7.04731e-019
6 33 6.50521e-019
6 34 0
6 35 -4.33681e-019
6 36 0
6 37 -4.33681e-019
6 38 8.67362e-019
6 39 3.25261e-019
6 40 0
6 41 2.1684e-019
6 42 1.0842e-019
6 43 -5.42101e-020
6 44 -3.36103e-018
6 45 -4.33681e-019
6 46 3.14419e-018
6 47 0
6 48 2.60209e-018
6 49 0
6 50 1.09895e-015
6 51 1.0842e-018
6 52 -3.79471e-019
6 53 3.25261e-019
6 54 -4.33681e-019
6 55 -7.58942e-019
6 56 -3.25261e-019
6 57 -4.33681e-019
6 58 -2.1684e-019
6 59 -3.25261e-019
6 60 -4.33681e-019
6 61 -4.33681e-019
6 62 3.25261e-019
6 63 -5.42101e-020
6 64 5.42101e-020
6 65 -1.0842e-019
6 66 -1.0842e-019
6 67 -3.25261e-019
6 68 -1.73472e-018
6 69 0
6 70 -9.75782e-019
6 71 -7.58942e-019
6 72 1.09266e-015
6 73 -7.04731e-019
6 74 -1.84314e-018
6 75 -2.71051e-019
6 76 -1.30104e-018
6 77 2.1684e-019
6 78 -2.1684e-019
6 79 -3.25261e-019
6 80 2.1684e-019
6 81 -1.0842e-019
6 82 -2.1684e-019
6 83 -2.1684e-019
6 84 0
6 85 2.1684e-019
6 86 -1.6263e-019
6 87 -2.71051e-020
6 88 -1.0842e-018
6 89 2.1684e-019
6 90 1.6263e-018
6 91 0
6 92 1.0842e-018
6 93 5.42101e-020
6 94 2.44477e-015
6 95 -3.25261e-019
6 96 1.35525e-018
6 97 1.35525e-019
6 98 1.0842e-019
6 99 -3.25261e-019
6 100 2.1684e-019
6 101 -5.42101e-020
6 102 1.6263e-019
6 103 -5.42101e-020
6 104 4.33681e-019
6 105 -1.30104e-018
6 106 -5.42101e-019
6 107 2.1684e-019
6 108 -1.0842e-019
6 109 5.42101e-020
6 110 1.0842e-018
6 111 5.42101e-020
6 112 2.71051e-019
6 113 0
6 114 -9.75782e-019
6 115 5.42101e-019
6 116 -9.68355e-016
6 117 0
6 118 5.14996e-019
6 119 1.0842e-019
6 120 2.30393e-019
7 0 4.33681e-019
7 1 2.33106e-014
7 2 0
7 3 1.1509e-014
7 4 -3.25261e-019
7 5 1.38751e-014
7 6 -2.1684e-019
7 7 0.266667
7 8 -2.38524e-018
7 9 7.8873e-015
7 10 2.1684e-019
7 11 -1.0842e-018
7 12 1.0842e-019
7 13 4.33681e-019
7 14 -2.1684e-019
7 15 4.33681e-019
7 16 -4.33681e-019
7 17 -1.0842e-018
7 18 3.25261e-019
7 19 -5.42101e-019
7 20 0
7 21 4.33681e-019
7 22 2.1684e-019
7 23 -1.84314e-018
7 24 0
7 25 1.51788e-018
7 26 2.1684e-019
7 27 1.95156e-018
7 28 -7.58942e-019
7 29 1.95005e-015
7 30 3.79471e-019
7 31 2.1684e-019
7 32 -4.33681e-019
7 33 3.25261e-019
7 34 -3.25261e-019
7 35 0
7 36 2.1684e-019
7 37 0
7 38 2.1684e-019
7 39 -1.19262e-018
7 40 3.57787e-018
7 41 5.42101e-019
7 42 2.71051e-019
7 43 2.1684e-019
7 44 -2.1684e-019
7 45 2.49366e-018
7 46 0
7 47 2.1684e-018
7 48 3.25261e-019
7 49 -1.6263e-018
7 50 8.67362e-019
7 51 9.45533e-016
7 52 1.6263e-018
7 53 -3.25261e-019
7 54 -2.1684e-019
7 55 -7.58942e-019
7 56 1.0842e-019
7 57 2.1684e-019
7 58 2.1684e-019
7 59 1.0842e-019
7 60 -5.42101e-019
7 61 4.33681e-019
7 62 1.0842e-018
7 63 -5.96311e-019
7 64 0
7 65 1.0842e-019
7 66 1.30104e-018
7 67 -1.19262e-018
7 68 0
7 69 -3.25261e-019
7 70 1.0842e-019
7 71 -5.42101e-019
7 72 -5.42101e-020
7 73 9.47213e-016
7 74 -9.75782e-019
7 75 1.40946e-018
7 76 1.89735e-019
7 77 -2.1684e-019
7 78 1.0842e-019
7 79 0
7 80 2.1684e-019
7 81 -1.0842e-019
7 82 3.25261e-019
7 83 2.1684e-019
7 84 2.05998e-018
7 85 -5.42101e-020
7 86 -4.87891e-019
7 87 2.71051e-020
7 88 5.42101e-019
7 89 -1.0842e-019
7 90 -3.79471e-019
7 91 1.68051e-018
7 92 -5.42101e-020
7 93 7.58942e-019
7 94 1.0842e-018
7 95 2.11398e-015
7 96 -5.42101e-019
7 97 7.04731e-019
7 98 -5.42101e-020
7 99 -1.0842e-019
7 100 -2.1684e-019
7 101 0
7 102 -2.1684e-019
7 103 -4.87891e-019
7 104 2.71051e-019
7 105 -2.1684e-019
7 106 5.96311e-019
7 107 -1.0842e-019
7 108 -5.42101e-020
7 109 -1.35525e-020
7 110 6.50521e-019
7 111 1.13841e-018
7 112 3.25261e-019
7 113 2.05998e-018
7 114 -4.33681e-019
7 115 1.65341e-018
7 116 5.42101e-019
7 117 -8.36272e-016
7 118 4.87891e-019
7 119 6.09864e-019
7 120 -1.35525e-020
8 0 3.17653e-014
8 1 8.67362e-019
8 2 1.27079e-014
8 3 0
8 4 1.21588e-014
8 5 9.75782e-019
8 6 1.58545e-014
8 7 -2.38524e-018
8 8 0.235294
8 9 1.02999e-018
8 10 2.08437e-014
8 11 5.42101e-019
8 12 -4.33681e-019
8 13 -1.0842e-019
8 14 0
8 15 0
8 16 -2.1684e-019
8 17 9.75782e-019
8 18 -1.0842e-019
8 19 -2.71051e-019
8 20 1.6263e-019
8 21 -1.35525e-019
8 22 -2.05998e-018
8 23 -2.1684e-019
8 24 8.67362e-019
8 25 0
8 26 1.6263e-018
8 27 3.25261e-019
8 28 -8.67362e-019
8 29 2.1684e-018
8 30 1.72003e-015
8 31 7.04731e-019
8 32 2.73761e-018
8 33 -3.25261e-019
8 34 2.1684e-019
8 35 1.0842e-019
8 36 0
8 37 0
8 38 2.1684e-019
8 39 0
8 40 -3.25261e-019
8 41 1.89735e-018
8 42 -2.1684e-019
8 43 1.35525e-019
8 44 1.0842e-018
8 45 -2.1684e-019
8 46 2.92735e-018
8 47 0
8 48 3.25261e-019
8 49 -4.33681e-019
8 50 2.71051e-019
8 51 1.6263e-018
8 52 8.40907e-016
8 53 1.6263e-019
8 54 -2.98156e-019
8 55 5.42101e-019
8 56 2.1684e-019
8 57 0
8 58 0
8 59 3.25261e-019
8 60 0
8 61 1.6263e-019
8 62 -1.6263e-019
8 63 1.6263e-019
8 64 -1.6263e-019
8 65 -2.1684e-019
8 66 -2.05998e-018
8 67 1.0842e-019
8 68 1.0842e-019
8 69 -2.1684e-019
8 70 9.21572e-019
8 71 0
8 72 -5.42101e-019
8 73 1.40946e-018
8 74 8.30553e-016
8 75 5.42101e-019
8 76 -8.94467e-019
8 77 0
8 78 0
8 79 -1.6263e-019
8 80 -1.0842e-019
8 81 -1.6263e-019
8 82 1.0842e-019
8 83 0
8 84 1.6263e-019
8 85 5.96311e-019
8 86 2.43945e-019
8 87 1.89735e-019
8 88 3.30682e-018
8 89 0
8 90 1.73472e-018
8 91 0
8 92 1.6263e-019
8 93 5.42101e-020
8 94 9.21572e-019
8 95 -9.75782e-019
8 96 1.86499e-015
8 97 -1.11131e-018
8 98 1.35525e-019
8 99 -5.42101e-020
8 100 1.0842e-019
8 101 0
8 102 0
8 103 -1.0842e-019
8 104 0
8 105 0
8 106 1.35525e-019
8 107 -1.35525e-019
8 108 -8.13152e-020
8 109 -2.1684e-019
8 110 2.38524e-018
8 111 1.0842e-019
8 112 -1.02999e-018
8 113 -2.71051e-020
8 114 3.79471e-019
8 115 -2.1684e-019
8 116 9.48677e-019
8 117 4.87891e-019
8 118 -7.3948e-016
8 119 -4.06576e-019
8 120 -7.18284e-019
9 0 -5.42101e-019
9 1 1.32586e-014
9 2 4.33681e-019
9 3 1.07982e-014
9 4 4.33681e-019
9 5 1.31815e-014
9 6 2.1684e-019
9 7 7.8873e-015
9 8 1.02999e-018
9 9 0.210526
9 10 3.25261e-019
9 11 5.42101e-019
9 12 1.0842e-019
9 13 0
9 14 2.1684e-019
9 15 0
9 16 0
9 17 0
9 18 -4.87891e-019
9 19 2.11419e-018
9 20 -9.75782e-019
9 21 -1.89735e-019
9 22 -1.0842e-018
9 23 -2.38524e-018
9 24 -2.1684e-019
9 25 2.1684e-019
9 26 -2.1684e-019
9 27 -1.40946e-018
9 28 -1.0842e-019
9 29 1.95156e-018
9 30 -7.04731e-019
9 31 1.51913e-015
9 32 -7.58942e-019
9 33 -3.25261e-019
9 34 -1.0842e-019
9 35 0
9 36 -1.0842e-019
9 37 -2.1684e-019
9 38 -2.1684e-019
9 39 0
9 40 4.33681e-019
9 41 4.33681e-019
9 42 -4.06576e-019
9 43 -2.71051e-020
9 44 -3.25261e-019
9 45 1.40946e-018
9 46 0
9 47 -2.27682e-018
9 48 0
9 49 1.0842e-019
9 50 1.6263e-019
9 51 1.6263e-019
9 52 3.79471e-019
9 53 7.32514e-016
9 54 6.50521e-019
9 55 2.1684e-019
9 56 -1.0842e-019
9 57 0
9 58 1.0842e-019
9 59 0
9 60 5.42101e-020
9 61 -1.6263e-019
9 62 3.25261e-019
9 63 7.58942e-019
9 64 -5.69206e-019
9 65 -6.23416e-019
9 66 -2.1684e-019
9 67 -6.50521e-019
9 68 0
9 69 -1.51788e-018
9 70 0
9 71 -1.57209e-018
9 72 5.42101e-020
9 73 5.42101e-019
9 74 4.33681e-019
9 75 7.40131e-016
9 76 -4.87891e-019
9 77 3.79471e-019
9 78 1.0842e-019
9 79 1.0842e-019
9 80 -5.42101e-020
9 81 -1.0842e-019
9 82 5.42101e-020
9 83 0
9 84 1.0842e-019
9 85 -6.23416e-019
9 86 5.42101e-020
9 87 1.21973e-019
9 88 0
9 89 2.33103e-018
9 90 0
9 91 1.0842e-018
9 92 0
9 93 2.05998e-018
9 94 1.35525e-019
9 95 6.23416e-019
9 96 1.35525e-019
9 97 1.66853e-015
9 98 3.38813e-019
9 99 0
9 100 0
9 101 0
9 102 2.71051e-020
9 103 1.35525e-019
9 104 0
9 105 0
9 106 -5.42101e-020
9 107 3.25261e-019
9 108 9.48677e-020
9 109 1.76183e-019
9 110 -1.0842e-019
9 111 0
9 112 -1.0842e-019
9 113 8.13152e-020
9 114 0
9 115 -7.58942e-019
9 116 -5.42101e-020
9 117 -9.48677e-020
9 118 -2.84603e-019
9 119 -6.64413e-016
9 120 -6.36969e-019
10 0 -1.25764e-014
10 1 1.13841e-018
10 2 8.06782e-015
10 3 -5.42101e-020
10 4 1.61258e-014
10 5 -2.1684e-019
10 6 1.05238e-014
10 7 2.1684e-019
10 8 2.08437e-014
10 9 3.25261e-019
10 10 0.190476
10 11 -3.79471e-019
10 12 5.42101e-020
10 13 0
10 14 1.0842e-019
10 15 -2.1684e-019
10 16 -2.1684e-019
10 17 -5.42101e-020
10 18 -1.6263e-019
10 19 -2.71051e-020
10 20 -1.16552e-018
10 21 -2.1684e-018
10 22 -2.33103e-018
10 23 1.0842e-019
10 24 -1.51788e-018
10 25 1.0842e-019
10 26 4.33681e-019
10 27 1.0842e-019
10 28 -1.68051e-018
10 29 -3.25261e-019
10 30 5.14996e-019
10 31 -1.27394e-018
10 32 1.37639e-015
10 33 5.42101e-020
10 34 -2.1684e-019
10 35 2.1684e-019
10 36 0
10 37 0
10 38 0
10 39 5.42101e-020
10 40 2.71051e-019
10 41 2.43945e-019
10 42 4.06576e-019
10 43 8.94467e-019
10 44 -8.13152e-019
10 45 1.0842e-019
10 46 6.50521e-019
10 47 0
10 48 2.1684e-019
10 49 5.42101e-020
10 50 8.67362e-019
10 51 5.42101e-020
10 52 -1.11131e-018
10 53 -4.06576e-019
10 54 6.77979e-016
10 55 1.6263e-019
10 56 -1.6263e-019
10 57 -2.71051e-019
10 58 0
10 59 5.42101e-020
10 60 -1.0842e-019
10 61 -1.0842e-019
10 62 -1.0842e-019
10 63 5.42101e-020
10 64 2.71051e-020
10 65 9.35124e-019
10 66 6.50521e-019
10 67 -5.42101e-020
10 68 1.84314e-018
10 69 -1.0842e-019
10 70 -2.76472e-018
10 71 0
10 72 -3.25261e-019
10 73 -8.13152e-020
10 74 -7.31836e-019
10 75 -4.33681e-019
10 76 6.74902e-016
10 77 2.1684e-019
10 78 2.1684e-019
10 79 5.42101e-020
10 80 0
10 81 -1.0842e-019
10 82 -1.0842e-019
10 83 8.13152e-020
10 84 2.71051e-020
10 85 8.13152e-020
10 86 -1.49078e-019
10 87 0
10 88 2.33103e-018
10 89 -2.71051e-020
10 90 5.14996e-019
10 91 0
10 92 1.24683e-018
10 93 -1.0842e-019
10 94 -4.60786e-019
10 95 -2.71051e-019
10 96 -1.0842e-019
10 97 3.25261e-019
10 98 1.51542e-015
10 99 -1.0842e-019
10 100 2.71051e-020
10 101 5.42101e-020
10 102 -5.42101e-020
10 103 0
10 104 1.0842e-019
10 105 0
10 106 2.03288e-019
10 107 2.71051e-020
10 108 3.93023e-019
10 109 -1.21973e-019
10 110 1.5992e-018
10 111 -5.42101e-020
10 112 -1.46367e-018
10 113 -5.42101e-020
10 114 -1.0842e-019
10 115 1.21973e-019
10 116 9.48677e-020
10 117 -6.77626e-020
10 118 -6.50521e-019
10 119 -2.03288e-019
10 120 -5.98954e-016
11 0 -4.98733e-018
11 1 -9.54098e-018
11 2 -5.42101e-018
11 3 -2.38524e-018
11 4 -2.38524e-018
11 5 6.50521e-019
11 6 0
11 7 -1.0842e-018
11 8 5.42101e-019
11 9 5.42101e-019
11 10 -3.79471e-019
11 11 1.33333
11 12 7.80626e-018
11 13 9.64506e-015
11 14 -2.38524e-018
11 15 4.72951e-015
11 16 -8.67362e-019
11 17 4.7165e-015
11 18 0
11 19 1.05869e-014
11 20 4.33681e-019
11 21 -4.1893e-015
11 22 1.0842e-018
11 23 -1.73472e-018
11 24 -1.95156e-018
11 25 1.73472e-018
11 26 -4.33681e-019
11 27 -6.50521e-019
11 28 -2.1684e-019
11 29 3.25261e-019
11 30 5.42101e-019
11 31 -1.0842e-019
11 32 -5.42101e-020
11 33 2.05112e-014
11 34 -1.0842e-018
11 35 3.46945e-018
11 36 4.33681e-019
11 37 2.81893e-018
11 38 1.73472e-018
11 39 2.38524e-018
11 40 1.0842e-019
11 41 2.1684e-019
11 42 2.1684e-019
11 43 -1.73472e-018
11 44 3.46945e-017
11 45 -2.81893e-018
11 46 1.30104e-018
11 47 -4.33681e-019
11 48 4.33681e-019
11 49 0
11 50 2.1684e-019
11 51 -2.1684e-019
11 52 1.0842e-019
11 53 3.25261e-019
11 54 -1.0842e-019
11 55 1.4493e-014
11 56 -1.01915e-017
11 57 0
11 58 6.50521e-019
11 59 -2.60209e-018
11 60 7.58942e-019
11 61 7.58942e-019
11 62 -5.42101e-019
11 63 8.67362e-019
11 64 0
11 65 2.1684e-019
11 66 -1.51788e-018
11 67 -7.15573e-018
11 68 6.50521e-019
11 69 -4.33681e-019
11 70 4.33681e-019
11 71 1.0842e-019
11 72 1.0842e-019
11 73 -1.0842e-019
11 74 -2.1684e-019
11 75 0
11 76 5.42101e-020
11 77 2.33375e-014
11 78 4.33681e-019
11 79 -7.58942e-019
11 80 -3.25261e-019
11 81 3.25261e-018
11 82 -1.0842e-019
11 83 -4.33681e-018
11 84 0
11 85 4.33681e-019
11 86 -1.6263e-019
11 87 2.22261e-018
11 88 8.99888e-018
11 89 -3.25261e-019
11 90 5.42101e-019
11 91 -1.0842e-019
11 92 -3.25261e-019
11 93 0
11 94 0
11 95 0
11 96 -5.42101e-020
11 97 2.1684e-019
11 98 -8.13152e-020
11 99 1.32545e-014
11 100 -8.67362e-019
11 101 -1.51788e-018
11 102 -2.1684e-019
11 103 -1.0842e-019
11 104 -2.1684e-019
11 105 1.51788e-018
11 106 5.42101e-020
11 107 2.87314e-018
11 108 0
11 109 5.69206e-019
11 110 2.43945e-018
11 111 -3.1984e-018
11 112 2.71051e-019
11 113 1.19262e-018
11 114 0
11 115 6.50521e-019
11 116 -5.42101e-020
11 117 2.1684e-019
11 118 -2.1684e-019
11 119 1.89735e-019
11 120 -1.0842e-019
12 0 -9.54098e-018
12 1 -3.20924e-017
12 2 -8.67362e-019
12 3 -5.63785e-018
12 4 2.1684e-019
12 5 -1.51788e-018
12 6 -4.33681e-019
12 7 1.0842e-019
12 8 -4.33681e-019
12 9 1.0842e-019
12 10 5.42101e-020
12 11 7.80626e-018
12 12 0.444444
12 13 -2.38524e-018
12 14 6.83026e-015
12 15 -6.50521e-019
12 16 4.83359e-015
12 17 -2.1684e-019
12 18 7.77351e-015
12 19 0
12 20 4.41151e-015
12 21 -5.42101e-020
12 22 5.63785e-018
12 23 -6.50521e-019
12 24 1.0842e-018
12 25 2.1684e-019
12 26 -6.50521e-019
12 27 2.1684e-019
12 28 0
12 29 3.25261e-019
12 30 1.0842e-019
12 31 0
12 32 0
12 33 -1.0842e-018
12 34 6.89054e-015
12 35 1.73472e-018
12 36 -2.60209e-018
12 37 1.73472e-018
12 38 4.77049e-018
12 39 0
12 40 -2.1684e-019
12 41 2.1684e-019
12 42 0
12 43 0
12 44 4.11997e-018
12 45 -9.54098e-018
12 46 -8.67362e-019
12 47 -6.50521e-019
12 48 -2.1684e-019
12 49 0
12 50 1.0842e-019
12 51 -1.0842e-019
12 52 0
12 53 0
12 54 -5.42101e-020
12 55 -6.72205e-018
12 56 4.81733e-015
12 57 -6.50521e-019
12 58 3.90313e-018
12 59 -8.67362e-019
12 60 -2.60209e-018
12 61 0
12 62 -2.38524e-018
12 63 0
12 64 -1.0842e-019
12 65 -1.0842e-019
12 66 -2.1684e-019
12 67 -3.68629e-018
12 68 -2.1684e-019
12 69 -4.33681e-019
12 70 4.33681e-019
12 71 1.0842e-019
12 72 0
12 73 0
12 74 0
12 75 -5.42101e-020
12 76 0
12 77 -6.07153e-018
12 78 7.7772e-015
12 79 9.75782e-019
12 80 -6.50521e-019
12 81 -3.25261e-019
12 82 -2.27682e-018
12 83 1.0842e-019
12 84 1.0842e-018
12 85 5.42101e-020
12 86 3.25261e-019
12 87 5.42101e-020
12 88 -4.33681e-019
12 89 -6.50521e-019
12 90 -7.58942e-019
12 91 4.33681e-019
12 92 1.0842e-019
12 93 -3.25261e-019
12 94 0
12 95 -1.0842e-019
12 96 0
12 97 5.42101e-020
12 98 -5.42101e-020
12 99 -1.0842e-019
12 100 4.4139e-015
12 101 -1.51788e-018
12 102 -6.50521e-019
12 103 1.0842e-019
12 104 -2.1684e-019
12 105 0
12 106 3.79471e-019
12 107 5.42101e-020
12 108 1.0842e-018
12 109 2.71051e-020
12 110 2.71051e-019
12 111 1.78893e-018
12 112 1.0842e-019
12 113 -2.1684e-019
12 114 -4.33681e-019
12 115 5.42101e-020
12 116 1.0842e-019
12 117 -1.0842e-019
12 118 1.0842e-019
12 119 5.42101e-020
12 120 0
13 0 -5.42101e-018
13 1 -2.60209e-018
13 2 -1.0842e-018
13 3 -1.0842e-018
13 4 2.1684e-019
13 5 4.33681e-019
13 6 2.1684e-019
13 7 4.33681e-019
13 8 -1.0842e-019
13 9 0
13 10 0
13 11 9.64506e-015
13 12 -2.38524e-018
13 13 0.266667
13 14 4.33681e-019
13 15 6.22679e-015
13 16 0
13 17 7.12277e-015
13 18 -4.33681e-019
13 19 4.22936e-015
13 20 0
13 21 2.69218e-015
13 22 -2.1684e-019
13 23 2.38524e-018
13 24 1.34441e-017
13 25 -1.73472e-018
13 26 2.1684e-019
13 27 -2.1684e-019
13 28 0
13 29 0
13 30 1.0842e-019
13 31 0
13 32 -5.42101e-020
13 33 8.67362e-018
13 34 -4.33681e-019
13 35 4.0534e-015
13 36 4.33681e-019
13 37 -1.51788e-018
13 38 0
13 39 2.05998e-018
13 40 2.1684e-019
13 41 7.58942e-019
13 42 0
13 43 -4.87891e-019
13 44 1.30104e-018
13 45 -1.73472e-018
13 46 2.1684e-019
13 47 -4.33681e-019
13 48 2.1684e-019
13 49 0
13 50 -1.0842e-019
13 51 0
13 52 -1.0842e-019
13 53 1.0842e-019
13 54 5.42101e-020
13 55 3.46945e-018
13 56 2.1684e-019
13 57 2.91499e-015
13 58 2.1684e-019
13 59 -1.95156e-018
13 60 1.0842e-019
13 61 -1.19262e-018
13 62 -2.1684e-019
13 63 -8.67362e-019
13 64 0
13 65 -5.42101e-019
13 66 -1.0842e-018
13 67 -1.73472e-018
13 68 6.50521e-019
13 69 3.25261e-019
13 70 2.1684e-019
13 71 -3.25261e-019
13 72 3.25261e-019
13 73 0
13 74 0
13 75 0
13 76 0
13 77 -2.27682e-018
13 78 2.27682e-018
13 79 4.66142e-015
13 80 -1.0842e-018
13 81 -1.0842e-019
13 82 -1.0842e-019
13 83 -7.58942e-019
13 84 0
13 85 -1.46367e-018
13 86 0
13 87 3.79471e-019
13 88 -3.25261e-019
13 89 -7.58942e-019
13 90 9.75782e-019
13 91 -4.33681e-019
13 92 4.33681e-019
13 93 6.50521e-019
13 94 0
13 95 0
13 96 1.0842e-019
13 97 0
13 98 0
13 99 -2.1684e-019
13 100 -1.51788e-018
13 101 2.65185e-015
13 102 -7.58942e-019
13 103 -7.58942e-019
13 104 -5.42101e-020
13 105 1.40946e-018
13 106 0
13 107 2.05998e-018
13 108 0
13 109 8.13152e-020
13 110 -5.42101e-019
13 111 -3.25261e-019
13 112 3.79471e-019
13 113 8.13152e-019
13 114 2.71051e-019
13 115 3.79471e-019
13 116 -1.0842e-019
13 117 0
13 118 0
13 119 0
13 120 2.71051e-020
14 0 -2.38524e-018
14 1 8.67362e-019
14 2 -1.95156e-018
14 3 -4.33681e-019
14 4 1.73472e-018
14 5 8.67362e-019
14 6 -4.33681e-019
14 7 -2.1684e-019
14 8 0
14 9 2.1684e-019
14 10 1.0842e-019
14 11 -2.38524e-018
14 12 6.83026e-015
14 13 4.33681e-019
14 14 0.190476
14 15 -8.67362e-019
14 16 7.98862e-015
14 17 0
14 18 3.83764e-015
14 19 0
14 20 3.60476e-015
14 21 0
14 22 4.33681e-019
14 23 6.50521e-019
14 24 -2.1684e-019
14 25 -4.98733e-018
14 26 2.1684e-019
14 27 -2.1684e-019
14 28 0
14 29 0
14 30 0
14 31 1.0842e-019
14 32 0
14 33 -2.1684e-019
14 34 -3.90313e-018
14 35 -4.33681e-019
14 36 2.94578e-015
14 37 2.1684e-019
14 38 3.46945e-018
14 39 -4.33681e-019
14 40 -2.81893e-018
14 41 1.0842e-019
14 42 1.51788e-018
14 43 0
14 44 6.50521e-019
14 45 0
14 46 1.30104e-018
14 47 2.1684e-019
14 48 -6.50521e-019
14 49 0
14 50 0
14 51 0
14 52 0
14 53 -1.0842e-019
14 54 -5.42101e-020
14 55 2.1684e-019
14 56 -1.73472e-018
14 57 -6.50521e-019
14 58 2.08145e-015
14 59 -2.1684e-019
14 60 -4.33681e-019
14 61 0
14 62 -3.03577e-018
14 63 0
14 64 -2.49366e-018
14 65 0
14 66 0
14 67 -4.33681e-019
14 68 2.1684e-019
14 69 4.33681e-019
14 70 -6.50521e-019
14 71 1.0842e-019
14 72 0
14 73 1.0842e-019
14 74 0
14 75 0
14 76 -5.42101e-020
14 77 3.25261e-019
14 78 3.25261e-019
14 79 -1.0842e-019
14 80 3.32926e-015
14 81 -6.50521e-019
14 82 1.0842e-018
14 83 1.0842e-019
14 84 4.33681e-019
14 85 0
14 86 -1.24683e-018
14 87 0
14 88 7.58942e-019
14 89 -2.1684e-019
14 90 1.6263e-018
14 91 -2.1684e-019
14 92 -2.1684e-019
14 93 -1.0842e-019
14 94 1.0842e-019
14 95 2.1684e-019
14 96 1.0842e-019
14 97 5.42101e-020
14 98 2.71051e-020
14 99 7.58942e-019
14 100 2.71051e-018
14 101 -2.1684e-019
14 102 1.89291e-015
14 103 -6.50521e-019
14 104 1.40946e-018
14 105 0
14 106 1.0842e-018
14 107 0
14 108 3.79471e-019
14 109 0
14 110 -9.75782e-019
14 111 -4.33681e-019
14 112 1.02999e-018
14 113 3.25261e-019
14 114 1.6263e-019
14 115 0
14 116 -1.0842e-019
14 117 5.42101e-020
14 118 1.0842e-019
14 119 0
14 120 0
15 0 -2.38524e-018
15 1 1.95156e-018
15 2 6.50521e-019
15 3 -8.67362e-019
15 4 8.23994e-018
15 5 -1.51788e-018
15 6 1.0842e-019
15 7 4.33681e-019
15 8 0
15 9 0
15 10 -2.1684e-019
15 11 4.72951e-015
15 12 -6.50521e-019
15 13 6.22679e-015
15 14 -8.67362e-019
15 15 0.148148
15 16 -1.30104e-018
15 17 4.85712e-015
15 18 -2.1684e-019
15 19 4.05416e-015
15 20 0
15 21 5.37591e-015
15 22 -1.30104e-018
15 23 4.33681e-019
15 24 0
15 25 4.33681e-019
15 26 -1.0842e-018
15 27 -6.50521e-019
15 28 3.25261e-019
15 29 0
15 30 1.0842e-019
15 31 0
15 32 0
15 33 4.55365e-018
15 34 4.33681e-019
15 35 -1.0842e-018
15 36 4.33681e-019
15 37 2.29179e-015
15 38 2.1684e-019
15 39 -8.67362e-019
15 40 5.42101e-019
15 41 2.1684e-019
15 42 1.0842e-019
15 43 -1.6263e-019
15 44 1.0842e-018
15 45 4.33681e-019
15 46 -2.1684e-019
15 47 -4.33681e-019
15 48 -1.0842e-018
15 49 -2.1684e-019
15 50 0
15 51 0
15 52 0
15 53 -5.42101e-020
15 54 -5.42101e-020
15 55 2.1684e-019
15 56 -2.1684e-019
15 57 -2.81893e-018
15 58 -6.50521e-019
15 59 1.61264e-015
15 60 -1.30104e-018
15 61 -6.50521e-019
15 62 -2.1684e-019
15 63 -1.73472e-018
15 64 0
15 65 5.42101e-020
15 66 -2.1684e-019
15 67 -4.33681e-019
15 68 -3.25261e-019
15 69 0
15 70 -7.58942e-019
15 71 4.33681e-019
15 72 2.1684e-019
15 73 -1.0842e-019
15 74 -5.42101e-020
15 75 0
15 76 0
15 77 1.19262e-018
15 78 0
15 79 -2.27682e-018
15 80 5.42101e-019
15 81 2.58994e-015
15 82 -1.0842e-019
15 83 -3.25261e-019
15 84 1.0842e-019
15 85 -2.1684e-019
15 86 5.42101e-020
15 87 -1.0842e-019
15 88 -3.25261e-019
15 89 2.1684e-019
15 90 1.0842e-019
15 91 -2.1684e-019
15 92 1.51788e-018
15 93 -3.25261e-019
15 94 5.42101e-020
15 95 1.0842e-019
15 96 -5.42101e-020
15 97 0
15 98 5.42101e-020
15 99 2.05998e-018
15 100 -1.0842e-019
15 101 6.50521e-019
15 102 -1.0842e-018
15 103 1.47435e-015
15 104 4.33681e-019
15 105 3.79471e-019
15 106 0
15 107 3.79471e-019
15 108 5.42101e-020
15 109 4.33681e-019
15 110 6.50521e-019
15 111 -3.79471e-019
15 112 2.1684e-019
15 113 -5.42101e-020
15 114 -2.1684e-019
15 115 -5.42101e-020
15 116 -1.6263e-019
15 117 -1.0842e-019
15 118 -2.71051e-020
15 119 5.42101e-020
15 120 2.71051e-020
16 0 6.50521e-019
16 1 -1.0842e-018
16 2 4.33681e-019
16 3 -2.1684e-019
16 4 1.0842e-018
16 5 2.1684e-018
16 6 -3.25261e-019
16 7 -4.33681e-019
16 8 -2.1684e-019
16 9 0
16 10 -2.1684e-019
16 11 -8.67362e-019
16 12 4.83359e-015
16 13 0
16 14 7.98862e-015
16 15 -1.30104e-018
16 16 0.121212
16 17 -5.42101e-019
16 18 4.62618e-015
16 19 0
16 20 4.39666e-015
16 21 0
16 22 0
16 23 -6.50521e-019
16 24 2.1684e-019
16 25 4.33681e-019
16 26 6.50521e-019
16 27 -3.03577e-018
16 28 -2.1684e-019
16 29 -2.1684e-019
16 30 2.1684e-019
16 31 -5.42101e-020
16 32 5.42101e-020
16 33 1.73472e-018
16 34 -1.51788e-018
16 35 -2.1684e-019
16 36 8.67362e-019
16 37 2.1684e-019
16 38 1.87285e-015
16 39 4.33681e-019
16 40 5.42101e-019
16 41 1.0842e-019
16 42 -1.0842e-019
16 43 5.42101e-020
16 44 6.50521e-019
16 45 0
16 46 2.1684e-019
16 47 2.1684e-019
16 48 -2.1684e-019
16 49 7.58942e-019
16 50 3.25261e-019
16 51 -1.0842e-019
16 52 -1.0842e-019
16 53 -5.42101e-020
16 54 0
16 55 7.58942e-019
16 56 -2.60209e-018
16 57 1.0842e-019
16 58 4.33681e-019
16 59 -9.75782e-019
16 60 1.31774e-015
16 61 -2.1684e-019
16 62 -3.25261e-019
16 63 0
16 64 0
16 65 5.42101e-020
16 66 1.0842e-019
16 67 3.25261e-019
16 68 -1.0842e-019
16 69 0
16 70 5.42101e-019
16 71 -5.42101e-019
16 72 2.1684e-019
16 73 1.0842e-019
16 74 0
16 75 0
16 76 0
16 77 -4.33681e-019
16 78 0
16 79 0
16 80 0
16 81 -2.1684e-019
16 82 2.11994e-015
16 83 -5.42101e-019
16 84 1.6263e-019
16 85 2.71051e-019
16 86 1.84314e-018
16 87 -5.42101e-020
16 88 0
16 89 -2.1684e-019
16 90 5.42101e-019
16 91 -1.0842e-019
16 92 -5.42101e-019
16 93 -1.40946e-018
16 94 1.0842e-019
16 95 2.71051e-019
16 96 1.0842e-019
16 97 -5.42101e-020
16 98 5.42101e-020
16 99 -2.1684e-019
16 100 9.75782e-019
16 101 0
16 102 1.6263e-018
16 103 -1.30104e-018
16 104 1.20552e-015
16 105 5.42101e-020
16 106 1.0842e-019
16 107 -3.25261e-019
16 108 2.71051e-019
16 109 0
16 110 1.6263e-019
16 111 -2.1684e-019
16 112 4.87891e-019
16 113 3.25261e-019
16 114 -5.42101e-020
16 115 -3.25261e-019
16 116 3.25261e-019
16 117 0
16 118 2.71051e-020
16 119 0
16 120 -5.42101e-020
17 0 0
17 1 2.1684e-019
17 2 4.33681e-019
17 3 -4.33681e-019
17 4 5.42101e-019
17 5 5.42101e-019
17 6 -1.95156e-018
17 7 -1.0842e-018
17 8 9.75782e-019
17 9 0
17 10 -5.42101e-020
17 11 4.7165e-015
17 12 -2.1684e-019
17 13 7.12277e-015
17 14 0
17 15 4.85712e-015
17 16 -5.42101e-019
17 17 0.102564
17 18 -3.25261e-019
17 19 5.28343e-015
17 20 -8.13152e-019
17 21 3.50691e-015
17 22 0
17 23 0
17 24 0
17 25 0
17 26 -2.1684e-019
17 27 -1.0842e-018
17 28 -2.1684e-019
17 29 -2.1684e-019
17 30 1.0842e-019
17 31 0
17 32 5.42101e-020
17 33 3.25261e-018
17 34 0
17 35 2.49366e-018
17 36 0
17 37 1.30104e-018
17 38 8.67362e-019
17 39 1.58272e-015
17 40 0
17 41 8.67362e-019
17 42 1.0842e-019
17 43 1.51788e-018
17 44 0
17 45 1.0842e-019
17 46 0
17 47 0
17 48 -1.0842e-019
17 49 7.58942e-019
17 50 6.50521e-019
17 51 0
17 52 1.6263e-019
17 53 1.0842e-019
17 54 -1.6263e-019
17 55 -1.0842e-019
17 56 0
17 57 -6.50521e-019
17 58 0
17 59 -9.75782e-019
17 60 4.33681e-019
17 61 1.11098e-015
17 62 -2.1684e-019
17 63 4.87891e-019
17 64 5.42101e-020
17 65 4.33681e-019
17 66 -1.0842e-019
17 67 2.1684e-019
17 68 0
17 69 0
17 70 0
17 71 0
17 72 -6.50521e-019
17 73 5.42101e-019
17 74 0
17 75 1.0842e-019
17 76 1.0842e-019
17 77 -1.30104e-018
17 78 2.1684e-019
17 79 1.30104e-018
17 80 1.0842e-019
17 81 5.42101e-019
17 82 -5.42101e-019
17 83 1.79148e-015
17 84 0
17 85 1.6263e-019
17 86 -5.42101e-020
17 87 -1.35525e-019
17 88 1.0842e-019
17 89 0
17 90 0
17 91 0
17 92 2.1684e-019
17 93 2.71051e-019
17 94 -4.87891e-019
17 95 -1.6263e-019
17 96 0
17 97 -1.89735e-019
17 98 -2.71051e-020
17 99 1.0842e-019
17 100 2.71051e-019
17 101 -4.33681e-019
17 102 -5.42101e-020
17 103 2.1684e-019
17 104 5.42101e-020
17 105 1.02007e-015
17 106 -1.6263e-019
17 107 5.42101e-020
17 108 1.0842e-019
17 109 0
17 110 5.42101e-020
17 111 1.0842e-019
17 112 -2.1684e-019
17 113 0
17 114 0
17 115 1.0842e-019
17 116 -1.35525e-019
17 117 2.71051e-020
17 118 -5.42101e-020
17 119 8.13152e-020
17 120 1.35525e-020
18 0 -1.0842e-018
18 1 -1.0842e-019
18 2 0
18 3 7.58942e-019
18 4 0
18 5 4.33681e-019
18 6 1.51788e-018
18 7 3.25261e-019
18 8 -1.0842e-019
18 9 -4.87891e-019
18 10 -1.6263e-019
18 11 0
18 12 7.77351e-015
18 13 -4.33681e-019
18 14 3.83764e-015
18 15 -2.1684e-019
18 16 4.62618e-015
18 17 -3.25261e-019
18 18 0.0888889
18 19 -2.43945e-018
18 20 2.63147e-015
18 21 0
18 22 1.0842e-019
18 23 2.1684e-019
18 24 0
18 25 0
18 26 0
18 27 -1.0842e-019
18 28 7.58942e-019
18 29 1.84314e-018
18 30 -3.79471e-019
18 31 1.0842e-019
18 32 -1.0842e-019
18 33 5.42101e-019
18 34 -2.1684e-019
18 35 0
18 36 6.50521e-019
18 37 2.1684e-019
18 38 2.05998e-018
18 39 1.0842e-019
18 40 1.36609e-015
18 41 -2.1684e-019
18 42 7.04731e-019
18 43 -5.42101e-020
18 44 0
18 45 -1.0842e-019
18 46 0
18 47 0
18 48 1.0842e-019
18 49 2.1684e-019
18 50 -1.0842e-019
18 51 5.42101e-019
18 52 3.79471e-019
18 53 -1.6263e-019
18 54 -1.6263e-019
18 55 1.0842e-019
18 56 -1.0842e-019
18 57 0
18 58 1.6263e-018
18 59 -2.1684e-019
18 60 -1.73472e-018
18 61 1.0842e-018
18 62 9.70903e-016
18 63 0
18 64 -7.04731e-019
18 65 -1.0842e-019
18 66 -1.0842e-019
18 67 -1.0842e-019
18 68 0
18 69 0
18 70 0
18 71 3.25261e-019
18 72 -5.42101e-020
18 73 -1.6263e-019
18 74 -5.42101e-020
18 75 5.42101e-020
18 76 5.42101e-020
18 77 0
18 78 7.58942e-019
18 79 1.0842e-019
18 80 2.1684e-019
18 81 2.1684e-019
18 82 -2.1684e-019
18 83 7.58942e-019
18 84 1.55523e-015
18 85 3.25261e-019
18 86 -7.58942e-019
18 87 0
18 88 -1.0842e-019
18 89 -1.0842e-019
18 90 0
18 91 -1.0842e-019
18 92 1.0842e-019
18 93 -1.0842e-019
18 94 -2.1684e-019
18 95 -4.33681e-019
18 96 -1.0842e-019
18 97 1.35525e-019
18 98 0
18 99 5.42101e-020
18 100 1.19262e-018
18 101 0
18 102 2.1684e-019
18 103 5.42101e-020
18 104 1.02999e-018
18 105 1.0842e-019
18 106 8.84302e-016
18 107 -1.89735e-019
18 108 4.60786e-019
18 109 2.71051e-020
18 110 0
18 111 -2.1684e-019
18 112 0
18 113 1.0842e-019
18 114 1.0842e-019
18 115 0
18 116 -2.43945e-019
18 117 2.98156e-019
18 118 1.89735e-019
18 119 0
18 120 1.35525e-020
19 0 5.42101e-019
19 1 -5.42101e-019
19 2 0
19 3 0
19 4 -2.1684e-019
19 5 0
19 6 7.58942e-019
19 7 -5.42101e-019
19 8 -2.71051e-019
19 9 2.11419e-018
19 10 -2.71051e-020
19 11 1.05869e-014
19 12 0
19 13 4.22936e-015
19 14 0
19 15 4.05416e-015
19 16 0
19 17 5.28343e-015
19 18 -2.43945e-018
19 19 0.0784314
19 20 -5.42101e-020
19 21 6.94681e-015
19 22 1.0842e-019
19 23 1.0842e-019
19 24 0
19 25 0
19 26 1.0842e-019
19 27 0
19 28 0
19 29 1.6263e-019
19 30 1.30104e-018
19 31 1.6263e-019
19 32 -1.6263e-019
19 33 1.30104e-018
19 34 0
19 35 -6.50521e-019
19 36 0
19 37 5.42101e-019
19 38 1.0842e-019
19 39 3.25261e-019
19 40 1.0842e-019
19 41 1.20834e-015
19 42 -2.1684e-019
19 43 1.6263e-019
19 44 2.1684e-019
19 45 0
19 46 -1.0842e-019
19 47 0
19 48 0
19 49 0
19 50 5.42101e-020
19 51 5.42101e-020
19 52 -1.68051e-018
19 53 -1.0842e-019
19 54 1.0842e-019
19 55 1.30104e-018
19 56 0
19 57 -1.95156e-018
19 58 0
19 59 -4.33681e-019
19 60 -2.1684e-019
