0 0 0.444444
0 1 0.222222
0 2 -0.272166
0 3 -0.0702728
0 4 0.0702728
0 5 -6.6838e-016
0 6 -2.32588e-016
0 7 2.32588e-016
0 8 3.2652e-017
0 9 2.84965e-016
0 10 -2.84965e-016
0 11 5.08003e-016
0 12 -3.13705e-016
0 13 3.13705e-016
0 14 -8.3227e-016
0 15 0.222222
0 16 0.111111
0 17 -0.136083
0 18 0.0351364
0 19 -0.0351364
0 20 -3.33514e-016
0 21 1.16657e-016
0 22 -1.16657e-016
0 23 1.58333e-017
0 24 -1.42116e-016
0 25 1.42116e-016
0 26 2.54219e-016
0 27 1.57198e-016
0 28 -1.57198e-016
0 29 -4.15969e-016
0 30 -0.272166
0 31 -0.136083
0 32 0.166667
0 33 -0.0430331
0 34 4.08249e-016
0 35 -1.42647e-016
0 36 -2.07764e-017
0 37 1.73891e-016
0 38 -3.11085e-016
0 39 -1.91521e-016
0 40 5.09951e-016
0 41 0.0702728
0 42 -0.0702728
0 43 -0.0351364
0 44 0.0351364
0 45 -0.0430331
0 46 0.0111111
0 47 -1.04925e-016
0 48 3.66466e-017
0 49 5.32656e-018
0 50 -4.47587e-017
0 51 8.01173e-017
0 52 4.97943e-017
0 53 -1.31786e-016
0 54 -6.77097e-016
0 55 -3.40567e-016
0 56 4.11753e-016
0 57 -1.03764e-016
0 58 3.488e-019
0 59 2.37859e-019
0 60 -1.39457e-019
0 61 -1.19535e-019
0 62 1.21171e-019
0 63 6.37768e-020
0 64 -1.28094e-019
0 65 2.28628e-016
0 66 -2.28628e-016
0 67 -1.21753e-016
0 68 1.21753e-016
0 69 -1.45226e-016
0 70 3.55764e-017
0 71 3.70697e-019
0 72 -1.18343e-019
0 73 -1.9854e-019
0 74 1.72096e-019
0 75 2.20869e-020
0 76 4.79283e-020
0 77 -3.38694e-020
0 78 3.30315e-017
0 79 1.55154e-017
0 80 -2.20557e-017
0 81 5.26965e-018
0 82 -3.58908e-019
0 83 -8.40695e-020
0 84 -6.94444e-022
0 85 2.02137e-021
0 86 2.6091e-020
0 87 -5.62997e-020
0 88 9.38502e-020
0 89 -2.84603e-016
0 90 2.84603e-016
0 91 1.43422e-016
0 92 -1.43422e-016
0 93 1.71401e-016
0 94 -4.44265e-017
0 95 -5.62454e-020
0 96 2.11035e-019
0 97 -7.99e-021
0 98 -1.25967e-021
0 99 -3.84589e-020
0 100 -4.26194e-021
0 101 -4.78972e-020
0 102 5.05483e-016
0 103 2.53986e-016
0 104 -3.11492e-016
0 105 8.02712e-017
0 106 4.13345e-020
0 107 2.29678e-020
0 108 1.34793e-019
0 109 -7.65229e-020
0 110 -6.04552e-020
0 111 -4.00596e-021
0 112 -1.53581e-020
0 113 3.14322e-016
0 114 -3.14322e-016
0 115 -1.5634e-016
0 116 1.5634e-016
0 117 -1.9192e-016
0 118 4.98568e-017
0 119 -7.40076e-020
0 120 1.35812e-019
0 121 -5.01332e-020
0 122 2.19039e-020
0 123 1.64497e-020
0 124 -6.23656e-020
0 125 3.2586e-020
0 126 -8.32505e-016
0 127 -4.15882e-016
0 128 5.0955e-016
0 129 -1.31983e-016
0 130 -2.28808e-019
0 131 -1.44171e-020
0 132 9.04864e-020
0 133 -4.83415e-020
0 134 -4.32362e-021
0 135 4.60225e-020
0 136 6.09949e-020
1 0 0.222222
1 1 0.444444
1 2 -0.272166
1 3 0.0702728
1 4 -0.0702728
1 5 -6.69511e-016
1 6 2.32618e-016
1 7 -2.32618e-016
1 8 3.26682e-017
1 9 -2.84921e-016
1 10 2.84921e-016
1 11 5.08133e-016
1 12 3.14034e-016
1 13 -3.14034e-016
1 14 -8.31969e-016
1 15 0.111111
1 16 0.222222
1 17 -0.136083
1 18 -0.0351364
1 19 0.0351364
1 20 -3.3554e-016
1 21 -1.16623e-016
1 22 1.16623e-016
1 23 1.61145e-017
1 24 1.4206e-016
1 25 -1.4206e-016
1 26 2.54402e-016
1 27 -1.57114e-016
1 28 1.57114e-016
1 29 -4.16023e-016
1 30 -0.136083
1 31 -0.272166
1 32 0.166667
1 33 0.0430331
1 34 4.07012e-016
1 35 1.42694e-016
1 36 -2.03783e-017
1 37 -1.74101e-016
1 38 -3.11054e-016
1 39 1.91507e-016
1 40 5.09972e-016
1 41 0.0351364
1 42 -0.0351364
1 43 -0.0702728
1 44 0.0702728
1 45 -0.0430331
1 46 -0.0111111
1 47 -1.05314e-016
1 48 -3.67954e-017
1 49 5.15171e-018
1 50 4.47881e-017
1 51 8.01153e-017
1 52 -4.98423e-017
1 53 -1.31855e-016
1 54 -3.36819e-016
1 55 -6.51857e-016
1 56 4.10332e-016
1 57 1.04793e-016
1 58 9.43532e-020
1 59 -3.69794e-019
1 60 -4.20754e-020
1 61 2.1975e-019
1 62 1.39924e-019
1 63 -4.30696e-020
1 64 -1.41104e-019
1 65 1.18551e-016
1 66 -1.18551e-016
1 67 -2.31654e-016
1 68 2.31654e-016
1 69 -1.36307e-016
1 70 -3.59693e-017
1 71 2.60676e-019
1 72 -1.2888e-019
1 73 -1.22112e-019
1 74 -1.22406e-019
1 75 2.73565e-020
1 76 -1.05782e-019
1 77 -2.42645e-020
1 78 1.59947e-017
1 79 3.00823e-017
1 80 -2.31175e-017
1 81 -4.44444e-018
1 82 -2.72707e-019
1 83 1.74059e-019
1 84 -5.35864e-020
1 85 -5.98482e-020
1 86 7.47457e-020
1 87 7.6807e-020
1 88 9.38039e-020
1 89 -1.42362e-016
1 90 1.42362e-016
1 91 2.85594e-016
1 92 -2.85594e-016
1 93 1.72424e-016
1 94 4.5057e-017
1 95 -1.05245e-019
1 96 -1.56777e-019
1 97 3.36696e-020
1 98 -1.45071e-020
1 99 -4.49358e-020
1 100 1.89755e-020
1 101 -3.65118e-020
1 102 2.54203e-016
1 103 5.0845e-016
1 104 -3.10379e-016
1 105 -8.05145e-017
1 106 1.81124e-019
1 107 -4.37479e-020
1 108 1.00785e-019
1 109 7.00159e-020
1 110 -4.55843e-020
1 111 -2.3343e-020
1 112 -1.52565e-020
1 113 1.56346e-016
1 114 -1.56346e-016
1 115 -3.15152e-016
1 116 3.15152e-016
1 117 -1.91749e-016
1 118 -4.99055e-017
1 119 2.14174e-019
1 120 -8.65843e-020
1 121 -6.45284e-020
1 122 -2.09707e-020
1 123 4.52898e-020
1 124 7.26e-020
1 125 4.69706e-020
1 126 -4.16377e-016
1 127 -8.32722e-016
1 128 5.08906e-016
1 129 1.31756e-016
1 130 -2.16208e-019
1 131 -3.68625e-020
1 132 1.05274e-019
1 133 5.69745e-020
1 134 -1.76388e-020
1 135 -4.08296e-020
1 136 6.27565e-020
2 0 -0.272166
2 1 -0.272166
2 2 0.266667
2 3 1.24656e-018
2 4 -1.24656e-018
2 5 -0.0290957
2 6 -2.21105e-019
2 7 2.21105e-019
2 8 5.84563e-017
2 9 -8.88734e-020
2 10 8.88734e-020
2 11 -6.48281e-016
2 12 1.07309e-021
2 13 -1.07309e-021
2 14 7.35461e-016
2 15 -0.136083
2 16 -0.136083
2 17 0.133333
2 18 8.32284e-020
2 19 -8.32284e-020
2 20 -0.0145479
2 21 1.30276e-019
2 22 -1.30276e-019
2 23 2.84181e-017
2 24 1.42699e-019
2 25 -1.42699e-019
2 26 -3.24072e-016
2 27 -9.09733e-021
2 28 9.09733e-021
2 29 3.6788e-016
2 30 0.166667
2 31 0.166667
2 32 -0.163299
2 33 3.0761e-020
2 34 0.0178174
2 35 -2.87893e-019
2 36 -3.48127e-017
2 37 9.18694e-020
2 38 3.96724e-016
2 39 -8.12211e-021
2 40 -4.50193e-016
2 41 -0.0430331
2 42 0.0430331
2 43 0.0430331
2 44 -0.0430331
2 45 0.0421637
2 46 -6.41904e-020
2 47 -0.00460044
2 48 -1.4232e-019
2 49 9.00366e-018
2 50 4.61391e-020
2 51 -1.02148e-016
2 52 -4.0881e-020
2 53 1.16485e-016
2 54 4.14144e-016
2 55 4.11638e-016
2 56 -3.91629e-016
2 57 2.20375e-020
2 58 4.47167e-017
2 59 8.92918e-020
2 60 1.41196e-019
2 61 7.87096e-020
2 62 -1.74245e-020
2 63 1.73112e-020
2 64 2.47457e-019
2 65 -1.41974e-016
2 66 1.41974e-016
2 67 1.35212e-016
2 68 -1.35212e-016
2 69 1.36544e-016
2 70 -2.32994e-019
2 71 -1.62754e-017
2 72 4.55807e-020
2 73 1.38933e-019
2 74 -6.58296e-021
2 75 2.08405e-019
2 76 6.51146e-021
2 77 -3.00044e-021
2 78 -2.38153e-017
2 79 -2.27925e-017
2 80 1.85896e-017
2 81 5.91889e-020
2 82 -1.69589e-018
2 83 -3.97418e-020
2 84 -5.69745e-020
2 85 1.00808e-020
2 86 -4.94839e-020
2 87 -1.1107e-020
2 88 3.413e-020
2 89 1.72275e-016
2 90 -1.72275e-016
2 91 -1.73244e-016
2 92 1.73244e-016
2 93 -1.69123e-016
2 94 7.13358e-020
2 95 1.88531e-017
2 96 -2.77596e-020
2 97 -2.7589e-020
2 98 2.35266e-021
2 99 6.86999e-020
2 100 -5.9771e-021
2 101 -1.94616e-020
2 102 -3.10619e-016
2 103 -3.10818e-016
2 104 3.04638e-016
2 105 1.64145e-019
2 106 -3.33659e-017
2 107 3.23221e-021
2 108 1.51842e-020
2 109 4.18062e-021
2 110 5.48614e-020
2 111 5.95715e-021
2 112 -4.8503e-020
2 113 -1.9213e-016
2 114 1.9213e-016
2 115 1.91308e-016
2 116 -1.91308e-016
2 117 1.86942e-016
2 118 -5.80299e-020
2 119 -2.04046e-017
2 120 -7.82489e-020
2 121 -3.28615e-020
2 122 3.71507e-022
2 123 -1.29501e-020
2 124 2.21705e-021
2 125 6.62934e-021
2 126 5.0925e-016
2 127 5.09055e-016
2 128 -4.98886e-016
2 129 3.26898e-020
2 130 5.439e-017
2 131 5.8371e-020
2 132 2.13648e-020
2 133 7.09959e-021
2 134 3.28739e-020
2 135 4.75014e-021
2 136 -2.77355e-020
3 0 -0.0702728
3 1 0.0702728
3 2 1.24656e-018
3 3 0.0634921
3 4 -0.0634921
3 5 2.3559e-019
3 6 -0.0141973
3 7 0.0141973
3 8 8.47484e-020
3 9 -4.34981e-016
3 10 4.34981e-016
3 11 -4.76583e-020
3 12 1.99771e-016
3 13 -1.99771e-016
3 14 -6.13079e-020
3 15 -0.0351364
3 16 0.0351364
3 17 -6.88289e-020
3 18 -0.031746
3 19 0.031746
3 20 1.02524e-019
3 21 0.00709863
3 22 -0.00709863
3 23 -1.22423e-022
3 24 2.1756e-016
3 25 -2.1756e-016
3 26 4.94571e-020
3 27 -1.00083e-016
3 28 1.00083e-016
3 29 -6.80439e-021
3 30 0.0430331
3 31 -0.0430331
3 32 -6.74081e-019
3 33 0.0388808
3 34 9.70103e-020
3 35 -0.00869401
3 36 -1.52018e-019
3 37 -2.66193e-016
3 38 -3.38429e-020
3 39 1.22132e-016
3 40 3.7265e-020
3 41 -0.0111111
3 42 0.0111111
3 43 -0.0111111
3 44 0.0111111
3 45 3.03029e-019
3 46 -0.010039
3 47 -2.08975e-020
3 48 0.00224478
3 49 -5.83596e-020
3 50 6.85239e-017
3 51 1.55584e-020
3 52 -3.1515e-017
3 53 9.36942e-021
3 54 1.05199e-016
3 55 -1.05064e-016
3 56 -1.23786e-019
3 57 9.45359e-017
3 58 -8.96899e-020
3 59 -2.16616e-017
3 60 -3.24086e-020
3 61 -1.03971e-019
3 62 -1.67641e-020
3 63 -2.9383e-021
3 64 8.57735e-022
3 65 -3.65996e-017
3 66 3.65996e-017
3 67 -3.61437e-017
3 68 3.61437e-017
3 69 5.17028e-020
3 70 -3.48282e-017
3 71 -4.29816e-020
3 72 7.2774e-018
3 73 -1.61181e-020
3 74 -9.40804e-020
3 75 -1.2045e-020
3 76 -7.29256e-020
3 77 -1.80175e-021
3 78 -4.96155e-018
3 79 4.46434e-018
3 80 -3.8382e-020
3 81 -5.21642e-018
3 82 -2.5907e-020
3 83 1.09835e-018
3 84 1.54862e-020
3 85 -6.31733e-021
3 86 1.52394e-020
3 87 4.29514e-022
3 88 1.15469e-021
3 89 4.50266e-017
3 90 -4.50266e-017
3 91 4.58039e-017
3 92 -4.58039e-017
3 93 -4.77232e-020
3 94 4.05209e-017
3 95 -7.30556e-021
3 96 -9.14675e-018
3 97 2.31419e-020
3 98 7.61656e-020
3 99 2.14297e-021
3 100 1.96862e-020
3 101 -4.34244e-021
3 102 -8.05516e-017
3 103 8.06366e-017
3 104 -8.85473e-020
3 105 -7.22585e-017
3 106 1.67772e-020
3 107 1.62122e-017
3 108 1.44453e-020
3 109 -2.8509e-020
3 110 6.08546e-022
3 111 2.01128e-020
3 112 -1.11907e-021
3 113 -4.91774e-017
3 114 4.91774e-017
3 115 -4.96571e-017
3 116 4.96571e-017
3 117 7.16768e-020
3 118 -4.46985e-017
3 119 1.64221e-021
3 120 1.00401e-017
3 121 -6.00326e-022
3 122 2.85846e-020
3 123 -5.00548e-022
3 124 -3.51877e-020
3 125 6.89145e-022
3 126 1.31977e-016
3 127 -1.31797e-016
3 128 -4.81464e-020
3 129 1.18785e-016
3 130 3.33293e-020
3 131 -2.65333e-017
3 132 -2.15987e-021
3 133 5.66619e-022
3 134 4.01343e-021
3 135 2.4924e-022
3 136 -1.73258e-021
4 0 0.0702728
4 1 -0.0702728
4 2 -1.24656e-018
4 3 -0.0634921
4 4 0.0634921
4 5 -2.3559e-019
4 6 0.0141973
4 7 -0.0141973
4 8 -8.47484e-020
4 9 4.34981e-016
4 10 -4.34981e-016
4 11 4.76583e-020
4 12 -1.99771e-016
4 13 1.99771e-016
4 14 6.13079e-020
4 15 0.0351364
4 16 -0.0351364
4 17 6.88289e-020
4 18 0.031746
4 19 -0.031746
4 20 -1.02524e-019
4 21 -0.00709863
4 22 0.00709863
4 23 1.22423e-022
4 24 -2.1756e-016
4 25 2.1756e-016
4 26 -4.94571e-020
4 27 1.00083e-016
4 28 -1.00083e-016
4 29 6.80439e-021
4 30 -0.0430331
4 31 0.0430331
4 32 6.74081e-019
4 33 -0.0388808
4 34 -9.70103e-020
4 35 0.00869401
4 36 1.52018e-019
4 37 2.66193e-016
4 38 3.38429e-020
4 39 -1.22132e-016
4 40 -3.7265e-020
4 41 0.0111111
4 42 -0.0111111
4 43 0.0111111
4 44 -0.0111111
4 45 -3.03029e-019
4 46 0.010039
4 47 2.08975e-020
4 48 -0.00224478
4 49 5.83596e-020
4 50 -6.85239e-017
4 51 -1.55584e-020
4 52 3.1515e-017
4 53 -9.36942e-021
4 54 -1.05199e-016
4 55 1.05064e-016
4 56 1.23786e-019
4 57 -9.45359e-017
4 58 8.96899e-020
4 59 2.16616e-017
4 60 3.24086e-020
4 61 1.03971e-019
4 62 1.67641e-020
4 63 2.9383e-021
4 64 -8.57735e-022
4 65 3.65996e-017
4 66 -3.65996e-017
4 67 3.61437e-017
4 68 -3.61437e-017
4 69 -5.17028e-020
4 70 3.48282e-017
4 71 4.29816e-020
4 72 -7.2774e-018
4 73 1.61181e-020
4 74 9.40804e-020
4 75 1.2045e-020
4 76 7.29256e-020
4 77 1.80175e-021
4 78 4.96155e-018
4 79 -4.46434e-018
4 80 3.8382e-020
4 81 5.21642e-018
4 82 2.5907e-020
4 83 -1.09835e-018
4 84 -1.54862e-020
4 85 6.31733e-021
4 86 -1.52394e-020
4 87 -4.29514e-022
4 88 -1.15469e-021
4 89 -4.50266e-017
4 90 4.50266e-017
4 91 -4.58039e-017
4 92 4.58039e-017
4 93 4.77232e-020
4 94 -4.05209e-017
4 95 7.30556e-021
4 96 9.14675e-018
4 97 -2.31419e-020
4 98 -7.61656e-020
4 99 -2.14297e-021
4 100 -1.96862e-020
4 101 4.34244e-021
4 102 8.05516e-017
4 103 -8.06366e-017
4 104 8.85473e-020
4 105 7.22585e-017
4 106 -1.67772e-020
4 107 -1.62122e-017
4 108 -1.44453e-020
4 109 2.8509e-020
4 110 -6.08546e-022
4 111 -2.01128e-020
4 112 1.11907e-021
4 113 4.91774e-017
4 114 -4.91774e-017
4 115 4.96571e-017
4 116 -4.96571e-017
4 117 -7.16768e-020
4 118 4.46985e-017
4 119 -1.64221e-021
4 120 -1.00401e-017
4 121 6.00326e-022
4 122 -2.85846e-020
4 123 5.00548e-022
4 124 3.51877e-020
4 125 -6.89145e-022
4 126 -1.31977e-016
4 127 1.31797e-016
4 128 4.81464e-020
4 129 -1.18785e-016
4 130 -3.33293e-020
4 131 2.65333e-017
4 132 2.15987e-021
4 133 -5.66619e-022
4 134 -4.01343e-021
4 135 -2.4924e-022
4 136 1.73258e-021
5 0 -6.6838e-016
5 1 -6.69511e-016
5 2 -0.0290957
5 3 2.3559e-019
5 4 -2.3559e-019
5 5 0.0296296
5 6 1.0002e-021
5 7 -1.0002e-021
5 8 -0.00844152
5 9 -5.8614e-020
5 10 5.8614e-020
5 11 1.08548e-016
5 12 1.25203e-020
5 13 -1.25203e-020
5 14 -1.3828e-017
5 15 -3.34018e-016
5 16 -3.3509e-016
5 17 -0.0145479
5 18 -3.02689e-019
5 19 3.02689e-019
5 20 0.0148148
5 21 2.77287e-020
5 22 -2.77287e-020
5 23 -0.00422076
5 24 4.68763e-020
5 25 -4.68763e-020
5 26 5.42211e-017
5 27 -2.11096e-021
5 28 2.11096e-021
5 29 -6.81396e-018
5 30 4.0925e-016
5 31 4.08842e-016
5 32 0.0178174
5 33 2.27814e-019
5 34 -0.0181444
5 35 -1.31024e-019
5 36 0.00516936
5 37 -4.78233e-020
5 38 -6.65271e-017
5 39 -3.24053e-021
5 40 8.35023e-018
5 41 -1.05811e-016
5 42 1.05811e-016
5 43 1.05911e-016
5 44 -1.05911e-016
5 45 -0.00460044
5 46 8.28465e-021
5 47 0.00468486
5 48 -8.69067e-021
5 49 -0.00133472
5 50 -3.90587e-020
5 51 1.70939e-017
5 52 1.70122e-020
5 53 -2.13097e-018
5 54 -2.39858e-019
5 55 -4.13868e-019
5 56 4.34394e-017
5 57 -1.49319e-020
5 58 -4.45607e-017
5 59 3.2964e-020
5 60 1.28007e-017
5 61 4.30925e-021
5 62 3.29352e-020
5 63 -7.80212e-021
5 64 7.27586e-020
5 65 2.70135e-020
5 66 -2.70135e-020
5 67 1.98257e-019
5 68 -1.98257e-019
5 69 -1.5705e-017
5 70 -4.34632e-021
5 71 1.57839e-017
5 72 -1.09035e-020
5 73 -4.45709e-018
5 74 3.62972e-021
5 75 6.40589e-021
5 76 6.46111e-021
5 77 -2.29874e-020
5 78 4.00712e-020
5 79 1.33868e-019
5 80 -1.76365e-018
5 81 -4.52995e-021
5 82 2.07154e-018
5 83 1.54698e-020
5 84 -5.02653e-019
5 85 -1.97675e-021
5 86 3.90201e-020
5 87 2.70928e-021
5 88 -5.54245e-020
5 89 1.99565e-019
5 90 -1.99565e-019
5 91 1.31133e-019
5 92 -1.31133e-019
5 93 1.84754e-017
5 94 1.59876e-020
5 95 -1.89641e-017
5 96 -3.09314e-022
5 97 5.40073e-018
5 98 -1.28583e-020
5 99 1.02631e-020
5 100 1.17477e-020
5 101 2.27162e-020
5 102 -5.34761e-020
5 103 1.27518e-020
5 104 -3.34382e-017
5 105 -4.73101e-020
5 106 3.37717e-017
5 107 1.05037e-020
5 108 -9.71619e-018
5 109 -4.43503e-021
5 110 3.14861e-020
5 111 -2.01625e-023
5 112 -4.04802e-023
5 113 2.46221e-020
5 114 -2.46221e-020
5 115 5.26947e-020
5 116 -5.26947e-020
5 117 -2.05198e-017
5 118 1.2844e-021
5 119 2.06797e-017
5 120 -1.57346e-020
5 121 -5.9408e-018
5 122 1.63456e-021
5 123 -1.15817e-020
5 124 -6.6692e-021
5 125 -1.45173e-020
5 126 -1.33708e-019
5 127 4.1278e-020
5 128 5.4567e-017
5 129 -2.31649e-020
5 130 -5.55526e-017
5 131 1.73318e-020
5 132 1.58339e-017
5 133 6.13727e-021
5 134 -1.95309e-020
5 135 1.92102e-021
5 136 5.33738e-021
6 0 -2.32588e-016
6 1 2.32618e-016
6 2 -2.21105e-019
6 3 -0.0141973
6 4 0.0141973
6 5 1.0002e-021
6 6 0.017316
6 7 -0.017316
6 8 -6.58268e-020
6 9 -0.00560303
6 10 0.00560303
6 11 5.77437e-020
6 12 -1.78132e-018
6 13 1.78132e-018
6 14 -3.23071e-020
6 15 -1.16163e-016
6 16 1.16596e-016
6 17 -2.79354e-019
6 18 0.00709863
6 19 -0.00709863
6 20 -1.92584e-020
6 21 -0.00865801
6 22 0.00865801
6 23 2.24398e-020
6 24 0.00280152
6 25 -0.00280152
6 26 -6.63796e-020
6 27 9.32449e-019
6 28 -9.32449e-019
6 29 2.86866e-021
6 30 1.4209e-016
6 31 -1.41549e-016
6 32 7.10536e-020
6 33 -0.00869401
6 34 4.29364e-020
6 35 0.0106039
6 36 -2.4631e-020
6 37 -0.00343114
6 38 -2.26119e-020
6 39 -1.17886e-018
6 40 -1.4161e-020
6 41 -3.70629e-017
6 42 3.70629e-017
6 43 -3.72062e-017
6 44 3.72062e-017
6 45 -1.04165e-019
6 46 0.00224478
6 47 4.96593e-020
6 48 -0.0027379
6 49 3.52614e-020
6 50 0.000885917
6 51 6.10914e-021
6 52 2.99024e-019
6 53 6.06902e-021
6 54 -1.33833e-019
6 55 -7.57185e-020
6 56 -9.46105e-020
6 57 -2.13891e-017
6 58 3.52354e-020
6 59 2.59197e-017
6 60 -1.99994e-020
6 61 -8.15307e-018
6 62 -6.90386e-021
6 63 1.20306e-020
6 64 -4.00604e-021
6 65 -8.95118e-020
6 66 8.95118e-020
6 67 -1.55998e-019
6 68 1.55998e-019
6 69 5.56133e-020
6 70 7.57156e-018
6 71 4.11668e-020
6 72 -8.64912e-018
6 73 -2.94611e-020
6 74 2.89935e-018
6 75 -1.24522e-021
6 76 4.60647e-021
6 77 -7.90805e-021
6 78 -3.32322e-020
6 79 -5.37403e-020
6 80 -2.5478e-020
6 81 1.08622e-018
6 82 2.74976e-021
6 83 -1.6784e-018
6 84 1.5556e-020
6 85 3.35402e-019
6 86 7.49126e-021
6 87 -6.7788e-021
6 88 2.31714e-021
6 89 -9.98143e-021
6 90 9.98143e-021
6 91 -6.86858e-020
6 92 6.86858e-020
6 93 8.29936e-021
6 94 -8.97399e-018
6 95 1.83089e-020
6 96 1.12084e-017
6 97 6.71055e-021
6 98 -3.55314e-018
6 99 -6.3057e-021
6 100 -9.99901e-021
6 101 1.90412e-021
6 102 1.69081e-020
6 103 -4.53295e-021
6 104 -3.36957e-021
6 105 1.62059e-017
6 106 -7.14208e-021
6 107 -1.97828e-017
6 108 5.25125e-021
6 109 6.44518e-018
6 110 -2.19865e-021
6 111 2.15486e-020
6 112 3.94586e-021
6 113 -9.18072e-020
6 114 9.18072e-020
6 115 -7.86136e-020
6 116 7.86136e-020
6 117 4.05064e-020
6 118 1.00183e-017
6 119 -1.2009e-020
6 120 -1.21904e-017
6 121 -1.02124e-020
6 122 3.94489e-018
6 123 -3.68044e-021
6 124 4.33577e-021
6 125 -3.33199e-022
6 126 1.23459e-019
6 127 -6.812e-020
6 128 5.18773e-020
6 129 -2.65611e-017
6 130 -1.81523e-020
6 131 3.23804e-017
6 132 -6.68321e-021
6 133 -1.05112e-017
6 134 -7.33347e-022
6 135 1.40408e-020
6 136 1.15909e-021
7 0 2.32588e-016
7 1 -2.32618e-016
7 2 2.21105e-019
7 3 0.0141973
7 4 -0.0141973
7 5 -1.0002e-021
7 6 -0.017316
7 7 0.017316
7 8 6.58268e-020
7 9 0.00560303
7 10 -0.00560303
7 11 -5.77437e-020
7 12 1.78132e-018
7 13 -1.78132e-018
7 14 3.23071e-020
7 15 1.16163e-016
7 16 -1.16596e-016
7 17 2.79354e-019
7 18 -0.00709863
7 19 0.00709863
7 20 1.92584e-020
7 21 0.00865801
7 22 -0.00865801
7 23 -2.24398e-020
7 24 -0.00280152
7 25 0.00280152
7 26 6.63796e-020
7 27 -9.32449e-019
7 28 9.32449e-019
7 29 -2.86866e-021
7 30 -1.4209e-016
7 31 1.41549e-016
7 32 -7.10536e-020
7 33 0.00869401
7 34 -4.29364e-020
7 35 -0.0106039
7 36 2.4631e-020
7 37 0.00343114
7 38 2.26119e-020
7 39 1.17886e-018
7 40 1.4161e-020
7 41 3.70629e-017
7 42 -3.70629e-017
7 43 3.72062e-017
7 44 -3.72062e-017
7 45 1.04165e-019
7 46 -0.00224478
7 47 -4.96593e-020
7 48 0.0027379
7 49 -3.52614e-020
7 50 -0.000885917
7 51 -6.10914e-021
7 52 -2.99024e-019
7 53 -6.06902e-021
7 54 1.33833e-019
7 55 7.57185e-020
7 56 9.46105e-020
7 57 2.13891e-017
7 58 -3.52354e-020
7 59 -2.59197e-017
7 60 1.99994e-020
7 61 8.15307e-018
7 62 6.90386e-021
7 63 -1.20306e-020
7 64 4.00604e-021
7 65 8.95118e-020
7 66 -8.95118e-020
7 67 1.55998e-019
7 68 -1.55998e-019
7 69 -5.56133e-020
7 70 -7.57156e-018
7 71 -4.11668e-020
7 72 8.64912e-018
7 73 2.94611e-020
7 74 -2.89935e-018
7 75 1.24522e-021
7 76 -4.60647e-021
7 77 7.90805e-021
7 78 3.32322e-020
7 79 5.37403e-020
7 80 2.5478e-020
7 81 -1.08622e-018
7 82 -2.74976e-021
7 83 1.6784e-018
7 84 -1.5556e-020
7 85 -3.35402e-019
7 86 -7.49126e-021
7 87 6.7788e-021
7 88 -2.31714e-021
7 89 9.98143e-021
7 90 -9.98143e-021
7 91 6.86858e-020
7 92 -6.86858e-020
7 93 -8.29936e-021
7 94 8.97399e-018
7 95 -1.83089e-020
7 96 -1.12084e-017
7 97 -6.71055e-021
7 98 3.55314e-018
7 99 6.3057e-021
7 100 9.99901e-021
7 101 -1.90412e-021
7 102 -1.69081e-020
7 103 4.53295e-021
7 104 3.36957e-021
7 105 -1.62059e-017
7 106 7.14208e-021
7 107 1.97828e-017
7 108 -5.25125e-021
7 109 -6.44518e-018
7 110 2.19865e-021
7 111 -2.15486e-020
7 112 -3.94586e-021
7 113 9.18072e-020
7 114 -9.18072e-020
7 115 7.86136e-020
7 116 -7.86136e-020
7 117 -4.05064e-020
7 118 -1.00183e-017
7 119 1.2009e-020
7 120 1.21904e-017
7 121 1.02124e-020
7 122 -3.94489e-018
7 123 3.68044e-021
7 124 -4.33577e-021
7 125 3.33199e-022
7 126 -1.23459e-019
7 127 6.812e-020
7 128 -5.18773e-020
7 129 2.65611e-017
7 130 1.81523e-020
7 131 -3.23804e-017
7 132 6.68321e-021
7 133 1.05112e-017
7 134 7.33347e-022
7 135 -1.40408e-020
7 136 -1.15909e-021
8 0 3.2652e-017
8 1 3.26682e-017
8 2 5.84563e-017
8 3 8.47484e-020
8 4 -8.47484e-020
8 5 -0.00844152
8 6 -6.58268e-020
8 7 6.58268e-020
8 8 0.011396
8 9 -4.87217e-020
8 10 4.87217e-020
8 11 -0.0039923
8 12 -3.00607e-020
8 13 3.00607e-020
8 14 -1.50594e-016
8 15 1.58236e-017
8 16 1.59383e-017
8 17 2.831e-017
8 18 -8.16146e-020
8 19 8.16146e-020
8 20 -0.00422076
8 21 -2.3075e-020
8 22 2.3075e-020
8 23 0.00569801
8 24 1.15144e-020
8 25 -1.15144e-020
8 26 -0.00199615
8 27 1.20256e-020
8 28 -1.20256e-020
8 29 -7.52738e-017
8 30 -2.03566e-017
8 31 -2.05489e-017
8 32 -3.55958e-017
8 33 1.22002e-019
8 34 0.00516936
8 35 5.58124e-020
8 36 -0.0069786
8 37 -8.51753e-021
8 38 0.00244478
8 39 9.80364e-022
8 40 9.23099e-017
8 41 4.86901e-018
8 42 -4.86901e-018
8 43 -4.84171e-018
8 44 4.84171e-018
8 45 9.45814e-018
8 46 5.58798e-020
8 47 -0.00133472
8 48 1.00532e-020
8 49 0.00180187
8 50 1.58147e-022
8 51 -0.000631238
8 52 -7.72256e-021
8 53 -2.38677e-017
8 54 3.33909e-020
8 55 1.62483e-019
8 56 -1.50342e-019
8 57 1.96673e-021
8 58 1.2677e-017
8 59 -2.76459e-021
8 60 -1.71692e-017
8 61 2.1248e-020
8 62 6.07529e-018
8 63 7.61999e-021
8 64 -3.62308e-020
8 65 2.08687e-020
8 66 -2.08687e-020
8 67 -3.5132e-020
8 68 3.5132e-020
8 69 1.31336e-019
8 70 4.3334e-020
8 71 -4.55615e-018
8 72 1.42608e-020
8 73 5.8822e-018
8 74 -4.52421e-021
8 75 -2.14158e-018
8 76 -7.774e-021
8 77 1.12797e-020
8 78 -1.15024e-019
8 79 -4.8931e-020
8 80 -5.70539e-020
8 81 -9.49076e-021
8 82 -5.69132e-019
8 83 -8.9656e-022
8 84 8.73914e-019
8 85 -2.8424e-021
8 86 -2.49535e-019
8 87 -4.53491e-021
8 88 9.06631e-021
8 89 1.14035e-019
8 90 -1.14035e-019
8 91 -8.49812e-020
8 92 8.49812e-020
8 93 5.45318e-020
8 94 5.02528e-021
8 95 5.42013e-018
8 96 -3.53904e-021
8 97 -7.28529e-018
8 98 -2.69454e-022
8 99 2.57159e-018
8 100 -3.61354e-021
8 101 -1.08762e-020
8 102 5.96051e-020
8 103 6.34117e-021
8 104 1.22258e-019
8 105 -8.91308e-021
8 106 -9.66907e-018
8 107 -5.66102e-022
8 108 1.29397e-017
8 109 -1.05e-021
8 110 -4.59733e-018
8 111 -2.78098e-021
8 112 3.07659e-021
8 113 2.45844e-020
8 114 -2.45844e-020
8 115 8.14442e-021
8 116 -8.14442e-021
8 117 -1.79308e-020
8 118 -2.65047e-020
8 119 -5.90993e-018
8 120 -1.02983e-020
8 121 7.97894e-018
8 122 1.66015e-021
8 123 -2.79569e-018
8 124 -6.83458e-023
8 125 1.25009e-020
8 126 1.20597e-019
8 127 7.4979e-020
8 128 -4.58568e-020
8 129 -3.88842e-021
8 130 1.58256e-017
8 131 -2.10145e-021
8 132 -2.13396e-017
8 133 7.33182e-021
8 134 7.4726e-018
8 135 -7.1122e-021
8 136 1.94098e-021
9 0 2.84965e-016
9 1 -2.84921e-016
9 2 -8.88734e-020
9 3 -4.34981e-016
9 4 4.34981e-016
9 5 -5.8614e-020
9 6 -0.00560303
9 7 0.00560303
9 8 -4.87217e-020
9 9 0.00808081
9 10 -0.00808081
9 11 -1.88184e-023
9 12 -0.00298966
9 13 0.00298966
9 14 -9.33456e-020
9 15 1.42171e-016
9 16 -1.42074e-016
9 17 -6.22288e-020
9 18 2.17605e-016
9 19 -2.17605e-016
9 20 5.58843e-021
9 21 0.00280152
9 22 -0.00280152
9 23 1.94057e-020
9 24 -0.0040404
9 25 0.0040404
9 26 6.08474e-021
9 27 0.00149483
9 28 -0.00149483
9 29 3.24255e-022
9 30 -1.7425e-016
9 31 1.74119e-016
9 32 -9.09422e-020
9 33 -2.66437e-016
9 34 -1.97772e-020
9 35 -0.00343114
9 36 4.65231e-020
9 37 0.00494846
9 38 1.09844e-021
9 39 -0.00183078
9 40 -5.92959e-021
9 41 4.48584e-017
9 42 -4.48584e-017
9 43 4.47737e-017
9 44 -4.47737e-017
9 45 8.38942e-021
9 46 6.87407e-017
9 47 -1.30338e-020
9 48 0.000885917
9 49 -3.03908e-020
9 50 -0.00127769
9 51 1.62543e-020
9 52 0.000472706
9 53 -1.05804e-020
9 54 -3.97067e-020
9 55 1.0128e-020
9 56 -7.98405e-021
9 57 -8.14805e-020
9 58 -4.09749e-021
9 59 -8.31544e-018
9 60 -2.06135e-020
9 61 1.19525e-017
9 62 -4.37775e-021
9 63 -4.48343e-018
9 64 1.60641e-020
9 65 -1.08761e-019
9 66 1.08761e-019
9 67 -3.3031e-020
9 68 3.3031e-020
9 69 -1.83443e-021
9 70 1.05481e-020
9 71 1.07136e-020
9 72 2.92058e-018
9 73 6.53592e-021
9 74 -4.18642e-018
9 75 -6.89145e-022
9 76 1.53037e-018
9 77 -5.17825e-021
9 78 -1.60417e-019
9 79 1.39909e-019
9 80 2.25026e-020
9 81 -2.23994e-020
9 82 7.52528e-022
9 83 3.75251e-019
9 84 -4.14314e-022
9 85 -5.52688e-019
9 86 1.76345e-021
9 87 2.51606e-019
9 88 2.82327e-021
9 89 -6.45625e-021
9 90 6.45625e-021
9 91 -5.97969e-020
9 92 5.97969e-020
9 93 -1.26734e-020
9 94 4.59127e-021
9 95 -2.26249e-021
9 96 -3.57681e-018
9 97 2.8362e-021
9 98 5.1634e-018
9 99 -3.64818e-021
9 100 -1.87082e-018
9 101 -3.10534e-021
9 102 1.53508e-020
9 103 -1.48893e-022
9 104 -4.1798e-021
9 105 -3.29411e-020
9 106 9.83487e-021
9 107 6.46572e-018
9 108 1.40734e-021
9 109 -9.22162e-018
9 110 -2.10404e-021
9 111 3.41664e-018
9 112 -4.96412e-022
9 113 2.72963e-020
9 114 -2.72963e-020
9 115 -1.46246e-021
9 116 1.46246e-021
9 117 -2.45111e-020
9 118 2.09878e-020
9 119 -5.96237e-021
9 120 3.95837e-018
9 121 4.20208e-021
9 122 -5.69529e-018
9 123 4.46005e-021
9 124 2.0948e-018
9 125 5.05687e-021
9 126 8.08639e-021
9 127 -2.16109e-020
9 128 -7.1244e-021
9 129 4.13185e-020
9 130 1.04808e-020
9 131 -1.05163e-017
9 132 -2.46138e-021
9 133 1.51497e-017
9 134 3.35401e-021
9 135 -5.59006e-018
9 136 -8.01331e-023
10 0 -2.84965e-016
10 1 2.84921e-016
10 2 8.88734e-020
10 3 4.34981e-016
10 4 -4.34981e-016
10 5 5.8614e-020
10 6 0.00560303
10 7 -0.00560303
10 8 4.87217e-020
10 9 -0.00808081
10 10 0.00808081
10 11 1.88184e-023
10 12 0.00298966
10 13 -0.00298966
10 14 9.33456e-020
10 15 -1.42171e-016
10 16 1.42074e-016
10 17 6.22288e-020
10 18 -2.17605e-016
10 19 2.17605e-016
10 20 -5.58843e-021
10 21 -0.00280152
10 22 0.00280152
10 23 -1.94057e-020
10 24 0.0040404
10 25 -0.0040404
10 26 -6.08474e-021
10 27 -0.00149483
10 28 0.00149483
10 29 -3.24255e-022
10 30 1.7425e-016
10 31 -1.74119e-016
10 32 9.09422e-020
10 33 2.66437e-016
10 34 1.97772e-020
10 35 0.00343114
10 36 -4.65231e-020
10 37 -0.00494846
10 38 -1.09844e-021
10 39 0.00183078
10 40 5.92959e-021
10 41 -4.48584e-017
10 42 4.48584e-017
10 43 -4.47737e-017
10 44 4.47737e-017
10 45 -8.38942e-021
10 46 -6.87407e-017
10 47 1.30338e-020
10 48 -0.000885917
10 49 3.03908e-020
10 50 0.00127769
10 51 -1.62543e-020
10 52 -0.000472706
10 53 1.05804e-020
10 54 3.97067e-020
10 55 -1.0128e-020
10 56 7.98405e-021
10 57 8.14805e-020
10 58 4.09749e-021
10 59 8.31544e-018
10 60 2.06135e-020
10 61 -1.19525e-017
10 62 4.37775e-021
10 63 4.48343e-018
10 64 -1.60641e-020
10 65 1.08761e-019
10 66 -1.08761e-019
10 67 3.3031e-020
10 68 -3.3031e-020
10 69 1.83443e-021
10 70 -1.05481e-020
10 71 -1.07136e-020
10 72 -2.92058e-018
10 73 -6.53592e-021
10 74 4.18642e-018
10 75 6.89145e-022
10 76 -1.53037e-018
10 77 5.17825e-021
10 78 1.60417e-019
10 79 -1.39909e-019
10 80 -2.25026e-020
10 81 2.23994e-020
10 82 -7.52528e-022
10 83 -3.75251e-019
10 84 4.14314e-022
10 85 5.52688e-019
10 86 -1.76345e-021
10 87 -2.51606e-019
10 88 -2.82327e-021
10 89 6.45625e-021
10 90 -6.45625e-021
10 91 5.97969e-020
10 92 -5.97969e-020
10 93 1.26734e-020
10 94 -4.59127e-021
10 95 2.26249e-021
10 96 3.57681e-018
10 97 -2.8362e-021
10 98 -5.1634e-018
10 99 3.64818e-021
10 100 1.87082e-018
10 101 3.10534e-021
10 102 -1.53508e-020
10 103 1.48893e-022
10 104 4.1798e-021
10 105 3.29411e-020
10 106 -9.83487e-021
10 107 -6.46572e-018
10 108 -1.40734e-021
10 109 9.22162e-018
10 110 2.10404e-021
10 111 -3.41664e-018
10 112 4.96412e-022
10 113 -2.72963e-020
10 114 2.72963e-020
10 115 1.46246e-021
10 116 -1.46246e-021
10 117 2.45111e-020
10 118 -2.09878e-020
10 119 5.96237e-021
10 120 -3.95837e-018
10 121 -4.20208e-021
10 122 5.69529e-018
10 123 -4.46005e-021
10 124 -2.0948e-018
10 125 -5.05687e-021
10 126 -8.08639e-021
10 127 2.16109e-020
10 128 7.1244e-021
10 129 -4.13185e-020
10 130 -1.04808e-020
10 131 1.05163e-017
10 132 2.46138e-021
10 133 -1.51497e-017
10 134 -3.35401e-021
10 135 5.59006e-018
10 136 8.01331e-023
11 0 5.08003e-016
11 1 5.08133e-016
11 2 -6.48281e-016
11 3 -4.76583e-020
11 4 4.76583e-020
11 5 1.08548e-016
11 6 5.77437e-020
11 7 -5.77437e-020
11 8 -0.0039923
11 9 -1.88184e-023
11 10 1.88184e-023
11 11 0.00603318
11 12 -2.78762e-021
11 13 2.78762e-021
11 14 -0.00232294
11 15 2.54357e-016
11 16 2.54322e-016
11 17 -3.2407e-016
11 18 4.20224e-020
11 19 -4.20224e-020
11 20 5.4207e-017
11 21 -2.75881e-020
11 22 2.75881e-020
11 23 -0.00199615
11 24 -6.5612e-021
11 25 6.5612e-021
11 26 0.00301659
11 27 6.25349e-021
11 28 -6.25349e-021
11 29 -0.00116147
11 30 -3.11139e-016
11 31 -3.11323e-016
11 32 3.96747e-016
11 33 3.74382e-020
11 34 -6.67436e-017
11 35 4.97918e-020
11 36 0.00244478
11 37 -1.03918e-020
11 38 -0.00369455
11 39 -3.89478e-020
11 40 0.0014225
11 41 8.06076e-017
11 42 -8.06076e-017
11 43 -8.05591e-017
11 44 8.05591e-017
11 45 -1.02614e-016
11 46 -9.50431e-022
11 47 1.71736e-017
11 48 6.06453e-021
11 49 -0.000631238
11 50 -7.97169e-021
11 51 0.00095393
11 52 6.97582e-021
11 53 -0.000367289
11 54 1.42247e-020
11 55 -8.53452e-020
11 56 4.97848e-020
11 57 -7.61792e-021
11 58 3.97975e-020
11 59 3.4892e-021
11 60 6.02314e-018
11 61 -6.68708e-021
11 62 -9.03907e-018
11 63 2.75746e-021
11 64 3.47689e-018
11 65 4.99331e-020
11 66 -4.99331e-020
11 67 1.36187e-020
11 68 -1.36187e-020
11 69 1.22821e-019
11 70 1.60643e-020
11 71 1.98459e-020
11 72 2.94011e-021
11 73 -2.1305e-018
11 74 1.08288e-021
11 75 3.16787e-018
11 76 1.19321e-021
11 77 -1.25665e-018
11 78 -1.33473e-022
11 79 2.76775e-021
11 80 -8.71967e-020
11 81 -9.71048e-021
11 82 4.26051e-020
11 83 -1.72297e-020
11 84 -3.19124e-019
11 85 1.94904e-022
11 86 3.69216e-019
11 87 1.91306e-021
11 88 -1.3069e-019
11 89 6.67535e-021
11 90 -6.67535e-021
11 91 1.09089e-020
11 92 -1.09089e-020
11 93 2.56923e-020
11 94 -3.84034e-021
11 95 -4.40861e-021
11 96 -7.29894e-021
11 97 2.55347e-018
11 98 -3.16624e-021
11 99 -3.8385e-018
11 100 4.00593e-021
11 101 1.48132e-018
11 102 2.59293e-020
11 103 2.33033e-020
11 104 2.96878e-020
11 105 -1.6707e-021
11 106 -6.51307e-021
11 107 -4.5893e-021
11 108 -4.54229e-018
11 109 1.0986e-021
11 110 6.8914e-018
11 111 -2.81459e-021
11 112 -2.66232e-018
11 113 -1.08042e-020
11 114 1.08042e-020
11 115 1.23018e-020
11 116 -1.23018e-020
11 117 1.07337e-020
11 118 -3.42349e-022
11 119 1.27929e-021
11 120 -3.1406e-021
11 121 -2.7889e-018
11 122 -1.06531e-021
11 123 4.23546e-018
11 124 -4.10892e-021
11 125 -1.6264e-018
11 126 3.36742e-020
11 127 3.3165e-020
11 128 -3.96963e-020
11 129 1.00296e-023
11 130 -1.34461e-020
11 131 1.99728e-021
11 132 7.47321e-018
11 133 -1.99537e-021
11 134 -1.13022e-017
11 135 1.80015e-021
11 136 4.36556e-018
12 0 -3.13705e-016
12 1 3.14034e-016
12 2 1.07309e-021
12 3 1.99771e-016
12 4 -1.99771e-016
12 5 1.25203e-020
12 6 -1.78132e-018
12 7 1.78132e-018
12 8 -3.00607e-020
12 9 -0.00298966
12 10 0.00298966
12 11 -2.78762e-021
12 12 0.00467836
12 13 -0.00467836
12 14 1.88503e-020
12 15 -1.57112e-016
12 16 1.57103e-016
12 17 -4.81833e-020
12 18 -1.00071e-016
12 19 1.00071e-016
12 20 -2.13743e-021
12 21 9.20541e-019
12 22 -9.20541e-019
12 23 -4.54453e-021
12 24 0.00149483
12 25 -0.00149483
12 26 -7.21301e-022
12 27 -0.00233918
12 28 0.00233918
12 29 8.70856e-021
12 30 1.91567e-016
12 31 -1.91711e-016
12 32 -1.46024e-019
12 33 1.22032e-016
12 34 3.23888e-021
12 35 -1.17664e-018
12 36 3.22396e-020
12 37 -0.00183078
12 38 2.47172e-021
12 39 0.0028649
12 40 -9.99017e-021
12 41 -4.96303e-017
12 42 4.96303e-017
12 43 -4.9592e-017
12 44 4.9592e-017
12 45 -4.29715e-020
12 46 -3.15915e-017
12 47 -3.05515e-020
12 48 2.9268e-019
12 49 1.56813e-021
12 50 0.000472706
12 51 2.7725e-021
12 52 -0.000739714
12 53 6.89486e-021
12 54 1.02242e-019
12 55 -1.37742e-020
12 56 4.00689e-020
12 57 2.80942e-020
12 58 1.03909e-021
12 59 1.37544e-020
12 60 -2.12935e-020
12 61 -4.46986e-018
12 62 7.87683e-022
12 63 7.14568e-018
12 64 -3.90078e-021
12 65 -8.22944e-020
12 66 8.22944e-020
12 67 -5.48371e-020
12 68 5.48371e-020
12 69 -9.47566e-021
12 70 -5.99054e-020
12 71 -2.95634e-021
12 72 7.02552e-020
12 73 -3.86112e-021
12 74 1.55625e-018
12 75 -9.73178e-022
12 76 -2.37741e-018
12 77 3.36332e-021
12 78 2.02827e-021
12 79 4.30961e-021
12 80 1.15443e-022
12 81 -3.43915e-020
12 82 -3.85735e-021
12 83 2.90232e-020
12 84 -1.31811e-021
12 85 2.22752e-019
12 86 9.89163e-021
12 87 -3.23044e-019
12 88 2.14095e-021
12 89 9.71317e-022
12 90 -9.71317e-022
12 91 6.73325e-021
12 92 -6.73325e-021
12 93 -1.08606e-020
12 94 -2.8485e-020
12 95 5.36509e-021
12 96 1.24572e-020
12 97 3.78942e-021
12 98 -1.89119e-018
12 99 -2.48671e-022
12 100 2.9515e-018
12 101 6.60462e-021
12 102 5.66009e-021
12 103 -1.38305e-021
12 104 -8.70959e-021
12 105 -4.02061e-021
12 106 -5.58729e-021
12 107 -1.32194e-020
12 108 -3.06884e-021
12 109 3.43106e-018
12 110 1.99144e-022
12 111 -5.33179e-018
12 112 3.82468e-022
12 113 7.18549e-020
12 114 -7.18549e-020
12 115 4.75497e-020
12 116 -4.75497e-020
12 117 2.85563e-021
12 118 1.13726e-020
12 119 9.39889e-021
12 120 1.18545e-021
12 121 -2.40585e-021
12 122 2.09564e-018
12 123 5.32084e-022
12 124 -3.31185e-018
12 125 -2.45362e-022
12 126 -1.30032e-020
12 127 -3.05329e-020
12 128 -2.42085e-021
12 129 -3.52831e-020
12 130 -5.70295e-021
12 131 2.90789e-020
12 132 7.5383e-021
12 133 -5.59215e-018
12 134 -2.64553e-021
12 135 8.74835e-018
12 136 -3.93242e-021
13 0 3.13705e-016
13 1 -3.14034e-016
13 2 -1.07309e-021
13 3 -1.99771e-016
13 4 1.99771e-016
13 5 -1.25203e-020
13 6 1.78132e-018
13 7 -1.78132e-018
13 8 3.00607e-020
13 9 0.00298966
13 10 -0.00298966
13 11 2.78762e-021
13 12 -0.00467836
13 13 0.00467836
13 14 -1.88503e-020
13 15 1.57112e-016
13 16 -1.57103e-016
13 17 4.81833e-020
13 18 1.00071e-016
13 19 -1.00071e-016
13 20 2.13743e-021
13 21 -9.20541e-019
13 22 9.20541e-019
13 23 4.54453e-021
13 24 -0.00149483
13 25 0.00149483
13 26 7.21301e-022
13 27 0.00233918
13 28 -0.00233918
13 29 -8.70856e-021
13 30 -1.91567e-016
13 31 1.91711e-016
13 32 1.46024e-019
13 33 -1.22032e-016
13 34 -3.23888e-021
13 35 1.17664e-018
13 36 -3.22396e-020
13 37 0.00183078
13 38 -2.47172e-021
13 39 -0.0028649
13 40 9.99017e-021
13 41 4.96303e-017
13 42 -4.96303e-017
13 43 4.9592e-017
13 44 -4.9592e-017
13 45 4.29715e-020
13 46 3.15915e-017
13 47 3.05515e-020
13 48 -2.9268e-019
13 49 -1.56813e-021
13 50 -0.000472706
13 51 -2.7725e-021
13 52 0.000739714
13 53 -6.89486e-021
13 54 -1.02242e-019
13 55 1.37742e-020
13 56 -4.00689e-020
13 57 -2.80942e-020
13 58 -1.03909e-021
13 59 -1.37544e-020
13 60 2.12935e-020
13 61 4.46986e-018
13 62 -7.87683e-022
13 63 -7.14568e-018
13 64 3.90078e-021
13 65 8.22944e-020
13 66 -8.22944e-020
13 67 5.48371e-020
13 68 -5.48371e-020
13 69 9.47566e-021
13 70 5.99054e-020
13 71 2.95634e-021
13 72 -7.02552e-020
13 73 3.86112e-021
13 74 -1.55625e-018
13 75 9.73178e-022
13 76 2.37741e-018
13 77 -3.36332e-021
13 78 -2.02827e-021
13 79 -4.30961e-021
13 80 -1.15443e-022
13 81 3.43915e-020
13 82 3.85735e-021
13 83 -2.90232e-020
13 84 1.31811e-021
13 85 -2.22752e-019
13 86 -9.89163e-021
13 87 3.23044e-019
13 88 -2.14095e-021
13 89 -9.71317e-022
13 90 9.71317e-022
13 91 -6.73325e-021
13 92 6.73325e-021
13 93 1.08606e-020
13 94 2.8485e-020
13 95 -5.36509e-021
13 96 -1.24572e-020
13 97 -3.78942e-021
13 98 1.89119e-018
13 99 2.48671e-022
13 100 -2.9515e-018
13 101 -6.60462e-021
13 102 -5.66009e-021
13 103 1.38305e-021
13 104 8.70959e-021
13 105 4.02061e-021
13 106 5.58729e-021
13 107 1.32194e-020
13 108 3.06884e-021
13 109 -3.43106e-018
13 110 -1.99144e-022
13 111 5.33179e-018
13 112 -3.82468e-022
13 113 -7.18549e-020
13 114 7.18549e-020
13 115 -4.75497e-020
13 116 4.75497e-020
13 117 -2.85563e-021
13 118 -1.13726e-020
13 119 -9.39889e-021
13 120 -1.18545e-021
13 121 2.40585e-021
13 122 -2.09564e-018
13 123 -5.32084e-022
13 124 3.31185e-018
13 125 2.45362e-022
13 126 1.30032e-020
13 127 3.05329e-020
13 128 2.42085e-021
13 129 3.52831e-020
13 130 5.70295e-021
13 131 -2.90789e-020
13 132 -7.5383e-021
13 133 5.59215e-018
13 134 2.64553e-021
13 135 -8.74835e-018
13 136 3.93242e-021
14 0 -8.3227e-016
14 1 -8.31969e-016
14 2 7.35461e-016
14 3 -6.13079e-020
14 4 6.13079e-020
14 5 -1.3828e-017
14 6 -3.23071e-020
14 7 3.23071e-020
14 8 -1.50594e-016
14 9 -9.33456e-020
14 10 9.33456e-020
14 11 -0.00232294
14 12 1.88503e-020
14 13 -1.88503e-020
14 14 0.00373483
14 15 -4.16016e-016
14 16 -4.15953e-016
14 17 3.67779e-016
14 18 1.72054e-021
14 19 -1.72054e-021
14 20 -6.78347e-018
14 21 -2.32008e-020
14 22 2.32008e-020
14 23 -7.52697e-017
14 24 -6.83582e-021
14 25 6.83582e-021
14 26 -0.00116147
14 27 -2.01468e-020
14 28 2.01468e-020
14 29 0.00186741
14 30 5.09559e-016
14 31 5.09608e-016
14 32 -4.50464e-016
14 33 -1.01632e-020
14 34 8.45483e-018
14 35 -1.84497e-020
14 36 9.22487e-017
14 37 -3.55783e-020
14 38 0.0014225
14 39 5.12139e-021
14 40 -0.00228711
14 41 -1.31684e-016
14 42 1.31684e-016
14 43 1.31721e-016
14 44 -1.31721e-016
14 45 1.16534e-016
14 46 -5.98124e-021
14 47 -2.23208e-018
14 48 -2.08945e-020
14 49 -2.38282e-017
14 50 1.1429e-020
14 51 -0.000367289
14 52 9.39367e-022
14 53 0.000590528
14 54 -3.88146e-020
14 55 -2.96925e-020
14 56 -1.41902e-020
14 57 -8.56184e-022
14 58 6.12276e-020
14 59 3.21029e-021
14 60 -1.85789e-020
14 61 -6.86415e-021
14 62 3.49156e-018
14 63 2.83697e-021
14 64 -5.61941e-018
14 65 -9.6295e-020
14 66 9.6295e-020
14 67 1.19516e-019
14 68 -1.19516e-019
14 69 -1.55685e-019
14 70 1.7985e-021
14 71 -3.3582e-020
14 72 5.99892e-021
14 73 7.12895e-021
14 74 4.65046e-021
14 75 -1.2382e-018
14 76 -3.94482e-021
14 77 1.96459e-018
14 78 1.02335e-019
14 79 9.38155e-020
14 80 4.61242e-020
14 81 -2.85202e-021
14 82 -2.7479e-020
14 83 4.56009e-021
14 84 1.06131e-020
14 85 4.16144e-021
14 86 -1.37278e-019
14 87 -2.19544e-021
14 88 2.30404e-019
14 89 -4.68748e-020
14 90 4.68748e-020
14 91 3.40765e-020
14 92 -3.40765e-020
14 93 2.87233e-020
14 94 -2.43718e-021
14 95 -4.69658e-021
14 96 -3.6031e-021
14 97 1.66057e-021
14 98 -4.68298e-021
14 99 1.48231e-018
14 100 -4.1967e-021
14 101 -2.3514e-018
14 102 2.97067e-020
14 103 3.98536e-020
14 104 -2.71418e-020
14 105 1.17206e-021
14 106 5.16088e-021
14 107 1.58798e-021
14 108 -5.70806e-021
14 109 9.18274e-022
14 110 -2.66054e-018
14 111 -6.64846e-023
14 112 4.27471e-018
14 113 -2.05042e-020
14 114 2.05042e-020
14 115 1.12066e-020
14 116 -1.12066e-020
14 117 -2.11606e-020
14 118 -4.77438e-022
14 119 7.34014e-021
14 120 -3.02128e-022
14 121 7.82409e-021
14 122 -4.63294e-021
14 123 -1.63286e-018
14 124 -3.45462e-021
14 125 2.62124e-018
14 126 3.29964e-020
14 127 2.6402e-020
14 128 2.13527e-020
14 129 1.73263e-021
14 130 -6.94129e-021
14 131 -2.22284e-021
14 132 1.09053e-021
14 133 2.4012e-021
14 134 4.36133e-018
14 135 1.91823e-021
14 136 -7.00773e-018
15 0 0.222222
15 1 0.111111
15 2 -0.136083
15 3 -0.0351364
15 4 0.0351364
15 5 -3.34018e-016
15 6 -1.16163e-016
15 7 1.16163e-016
15 8 1.58236e-017
15 9 1.42171e-016
15 10 -1.42171e-016
15 11 2.54357e-016
15 12 -1.57112e-016
15 13 1.57112e-016
15 14 -4.16016e-016
15 15 0.444444
15 16 0.222222
15 17 -0.272166
15 18 0.0702728
15 19 -0.0702728
15 20 -6.68341e-016
15 21 2.33424e-016
15 22 -2.33424e-016
15 23 3.25778e-017
15 24 -2.84667e-016
15 25 2.84667e-016
15 26 5.08127e-016
15 27 3.13989e-016
15 28 -3.13989e-016
15 29 -8.32105e-016
15 30 -0.272166
15 31 -0.136083
15 32 0.166667
15 33 -0.0430331
15 34 4.07292e-016
15 35 -1.42559e-016
15 36 -2.05883e-017
15 37 1.73923e-016
15 38 -3.11082e-016
15 39 -1.91477e-016
15 40 5.09937e-016
15 41 -0.0702728
15 42 0.0702728
15 43 0.0351364
15 44 -0.0351364
15 45 0.0430331
15 46 -0.0111111
15 47 1.05195e-016
15 48 -3.64923e-017
15 49 -5.20897e-018
15 50 4.47937e-017
15 51 -8.01887e-017
15 52 -4.98199e-017
15 53 1.31794e-016
15 54 -6.52345e-016
15 55 -3.34344e-016
15 56 4.21594e-016
15 57 -1.05124e-016
15 58 2.08636e-019
15 59 1.72148e-019
15 60 -1.48881e-019
15 61 -1.31477e-019
15 62 1.37158e-019
15 63 7.44396e-020
15 64 -1.163e-019
15 65 -2.35616e-016
15 66 2.35616e-016
15 67 1.18589e-016
15 68 -1.18589e-016
15 69 1.40159e-016
15 70 -3.55787e-017
15 71 -2.82285e-019
15 72 -1.35974e-019
15 73 2.45223e-019
15 74 -1.67114e-019
15 75 2.24331e-021
15 76 -8.42153e-020
15 77 2.83723e-020
15 78 3.34974e-017
15 79 1.6081e-017
15 80 -2.23358e-017
15 81 5.01054e-018
15 82 -1.15582e-019
15 83 -1.3753e-019
15 84 -3.17091e-020
15 85 2.83491e-020
15 86 3.50609e-020
15 87 -5.47875e-020
15 88 9.53524e-020
15 89 2.84821e-016
15 90 -2.84821e-016
