0 0 0.333333
0 1 -0.333333
0 2 2.68778e-018
0 3 7.63918e-015
0 4 -7.63918e-015
0 5 -4.14706e-018
0 6 5.01962e-015
0 7 -5.01962e-015
0 8 1.54497e-018
0 9 6.02906e-015
0 10 -6.02906e-015
0 11 -5.89548e-019
0 12 1.54189e-014
0 13 -1.54189e-014
0 14 1.05796e-018
0 15 0.166667
0 16 -0.166667
0 17 -1.26886e-018
0 18 -3.81851e-015
0 19 3.81851e-015
0 20 -1.5992e-018
0 21 -2.5086e-015
0 22 2.5086e-015
0 23 -1.00289e-018
0 24 -3.01597e-015
0 25 3.01597e-015
0 26 1.21973e-019
0 27 -7.71731e-015
0 28 7.71731e-015
0 29 6.77626e-020
0 30 -0.204124
0 31 0.204124
0 32 -2.55124e-018
0 33 4.67618e-015
0 34 -1.84298e-018
0 35 3.06649e-015
0 36 -1.57209e-018
0 37 3.68981e-015
0 38 -6.94567e-020
0 39 9.45197e-015
0 40 4.32013e-019
0 41 0.0527046
0 42 -0.0527046
0 43 0.0527046
0 44 -0.0527046
0 45 2.84966e-018
0 46 -1.20904e-015
0 47 -2.16893e-019
0 48 -7.91487e-016
0 49 1.0842e-019
0 50 -9.52025e-016
0 51 -2.03235e-019
0 52 -2.43915e-015
0 53 2.04982e-019
0 54 -5.01647e-016
0 55 5.01647e-016
0 56 2.54946e-018
0 57 1.56749e-018
0 58 1.2192e-019
0 59 5.73018e-019
0 60 5.75982e-020
0 61 1.08441e-018
0 62 -4.40457e-020
0 63 -2.80601e-018
0 64 1.62604e-019
0 65 1.70023e-016
0 66 -1.70023e-016
0 67 1.70023e-016
0 68 -1.70023e-016
0 69 7.01502e-019
0 70 -2.41563e-018
0 71 -2.18482e-019
0 72 1.13857e-018
0 73 -1.6263e-019
0 74 -1.92991e-018
0 75 -1.58819e-021
0 76 1.75336e-019
0 77 -2.71051e-020
0 78 2.25649e-017
0 79 -2.25649e-017
0 80 -3.55754e-020
0 81 -2.97944e-019
0 82 -4.35216e-019
0 83 4.31404e-019
0 84 -1.10167e-019
0 85 1.28108e-018
0 86 -1.40555e-019
0 87 3.70842e-019
0 88 -6.60686e-020
0 89 -2.13468e-016
0 90 2.13468e-016
0 91 -2.13468e-016
0 92 2.13468e-016
0 93 -9.01667e-019
0 94 9.94099e-019
0 95 4.25105e-020
0 96 6.76568e-019
0 97 1.89682e-019
0 98 -3.52577e-019
0 99 -1.19643e-020
0 100 7.80329e-019
0 101 -1.07626e-019
0 102 3.7963e-016
0 103 -3.7963e-016
0 104 3.79153e-019
0 105 -8.1024e-019
0 106 2.00906e-019
0 107 -6.01499e-019
0 108 -2.1774e-019
0 109 -4.48716e-019
0 110 8.21622e-020
0 111 -1.36838e-018
0 112 1.15196e-019
0 113 2.34254e-016
0 114 -2.34254e-016
0 115 2.34254e-016
0 116 -2.34254e-016
0 117 3.36696e-019
0 118 -1.94182e-019
0 119 1.69407e-019
0 120 -3.47178e-019
0 121 8.12622e-020
0 122 2.56175e-019
0 123 -1.48654e-019
0 124 4.02129e-019
0 125 -1.99053e-020
0 126 -6.24061e-016
0 127 6.24061e-016
0 128 -4.38869e-020
0 129 3.08479e-019
0 130 -5.09279e-020
0 131 2.88732e-019
0 132 -4.06576e-020
0 133 -2.82274e-019
0 134 1.11808e-019
0 135 1.79412e-019
0 136 -1.25414e-019
1 0 -0.333333
1 1 0.333333
1 2 -2.68778e-018
1 3 -7.63918e-015
1 4 7.63918e-015
1 5 4.14706e-018
1 6 -5.01962e-015
1 7 5.01962e-015
1 8 -1.54497e-018
1 9 -6.02906e-015
1 10 6.02906e-015
1 11 5.89548e-019
1 12 -1.54189e-014
1 13 1.54189e-014
1 14 -1.05796e-018
1 15 -0.166667
1 16 0.166667
1 17 1.26886e-018
1 18 3.81851e-015
1 19 -3.81851e-015
1 20 1.5992e-018
1 21 2.5086e-015
1 22 -2.5086e-015
1 23 1.00289e-018
1 24 3.01597e-015
1 25 -3.01597e-015
1 26 -1.21973e-019
1 27 7.71731e-015
1 28 -7.71731e-015
1 29 -6.77626e-020
1 30 0.204124
1 31 -0.204124
1 32 2.55124e-018
1 33 -4.67618e-015
1 34 1.84298e-018
1 35 -3.06649e-015
1 36 1.57209e-018
1 37 -3.68981e-015
1 38 6.94567e-020
1 39 -9.45197e-015
1 40 -4.32013e-019
1 41 -0.0527046
1 42 0.0527046
1 43 -0.0527046
1 44 0.0527046
1 45 -2.84966e-018
1 46 1.20904e-015
1 47 2.16893e-019
1 48 7.91487e-016
1 49 -1.0842e-019
1 50 9.52025e-016
1 51 2.03235e-019
1 52 2.43915e-015
1 53 -2.04982e-019
1 54 5.01647e-016
1 55 -5.01647e-016
1 56 -2.54946e-018
1 57 -1.56749e-018
1 58 -1.2192e-019
1 59 -5.73018e-019
1 60 -5.75982e-020
1 61 -1.08441e-018
1 62 4.40457e-020
1 63 2.80601e-018
1 64 -1.62604e-019
1 65 -1.70023e-016
1 66 1.70023e-016
1 67 -1.70023e-016
1 68 1.70023e-016
1 69 -7.01502e-019
1 70 2.41563e-018
1 71 2.18482e-019
1 72 -1.13857e-018
1 73 1.6263e-019
1 74 1.92991e-018
1 75 1.58819e-021
1 76 -1.75336e-019
1 77 2.71051e-020
1 78 -2.25649e-017
1 79 2.25649e-017
1 80 3.55754e-020
1 81 2.97944e-019
1 82 4.35216e-019
1 83 -4.31404e-019
1 84 1.10167e-019
1 85 -1.28108e-018
1 86 1.40555e-019
1 87 -3.70842e-019
1 88 6.60686e-020
1 89 2.13468e-016
1 90 -2.13468e-016
1 91 2.13468e-016
1 92 -2.13468e-016
1 93 9.01667e-019
1 94 -9.94099e-019
1 95 -4.25105e-020
1 96 -6.76568e-019
1 97 -1.89682e-019
1 98 3.52577e-019
1 99 1.19643e-020
1 100 -7.80329e-019
1 101 1.07626e-019
1 102 -3.7963e-016
1 103 3.7963e-016
1 104 -3.79153e-019
1 105 8.1024e-019
1 106 -2.00906e-019
1 107 6.01499e-019
1 108 2.1774e-019
1 109 4.48716e-019
1 110 -8.21622e-020
1 111 1.36838e-018
1 112 -1.15196e-019
1 113 -2.34254e-016
1 114 2.34254e-016
1 115 -2.34254e-016
1 116 2.34254e-016
1 117 -3.36696e-019
1 118 1.94182e-019
1 119 -1.69407e-019
1 120 3.47178e-019
1 121 -8.12622e-020
1 122 -2.56175e-019
1 123 1.48654e-019
1 124 -4.02129e-019
1 125 1.99053e-020
1 126 6.24061e-016
1 127 -6.24061e-016
1 128 4.38869e-020
1 129 -3.08479e-019
1 130 5.09279e-020
1 131 -2.88732e-019
1 132 4.06576e-020
1 133 2.82274e-019
1 134 -1.11808e-019
1 135 -1.79412e-019
1 136 1.25414e-019
2 0 2.68778e-018
2 1 -2.68778e-018
2 2 0.666667
2 3 -8.00796e-018
2 4 8.00796e-018
2 5 1.56317e-014
2 6 -7.70826e-019
2 7 7.70826e-019
2 8 1.38891e-014
2 9 -1.6676e-021
2 10 1.6676e-021
2 11 2.60484e-014
2 12 3.46945e-018
2 13 -3.46945e-018
2 14 1.66567e-014
2 15 -4.14707e-018
2 16 4.14707e-018
2 17 0.333333
2 18 -3.83198e-018
2 19 3.83198e-018
2 20 7.81366e-015
2 21 1.30104e-018
2 22 -1.30104e-018
2 23 6.94459e-015
2 24 -2.17179e-018
2 25 2.17179e-018
2 26 1.30263e-014
2 27 -6.47133e-019
2 28 6.47133e-019
2 29 8.33768e-015
2 30 -3.00694e-018
2 31 3.00694e-018
2 32 -0.408248
2 33 -7.48417e-018
2 34 -9.57518e-015
2 35 -3.25271e-018
2 36 -8.51877e-015
2 37 1.73472e-018
2 38 -1.59553e-014
2 39 4.33681e-019
2 40 -1.0209e-014
2 41 -6.55365e-019
2 42 6.55365e-019
2 43 -6.55365e-019
2 44 6.55365e-019
2 45 0.105409
2 46 5.28654e-019
2 47 2.47096e-015
2 48 1.40946e-018
2 49 2.19457e-015
2 50 -1.6263e-019
2 51 4.1227e-015
2 52 0
2 53 2.63406e-015
2 54 2.06316e-018
2 55 -2.06316e-018
2 56 -1.00744e-015
2 57 1.41645e-018
2 58 -3.94548e-018
2 59 6.23522e-019
2 60 -1.69894e-018
2 61 0
2 62 1.74732e-018
2 63 2.71051e-020
2 64 1.91112e-019
2 65 -1.00612e-018
2 66 1.00612e-018
2 67 -1.00612e-018
2 68 1.00612e-018
2 69 3.40962e-016
2 70 5.6243e-019
2 71 -1.94023e-018
2 72 -5.691e-019
2 73 7.21778e-019
2 74 -2.71051e-020
2 75 -4.14623e-019
2 76 0
2 77 9.64241e-019
2 78 1.6263e-019
2 79 -1.6263e-019
2 80 4.2407e-017
2 81 2.34141e-018
2 82 1.40375e-018
2 83 -1.15302e-019
2 84 1.81053e-020
2 85 -2.71051e-019
2 86 -1.84018e-019
2 87 1.6263e-019
2 88 -3.8847e-019
2 89 1.2822e-019
2 90 -1.2822e-019
2 91 1.2822e-019
2 92 -1.2822e-019
2 93 -4.25744e-016
2 94 1.09797e-018
2 95 -4.17587e-019
2 96 -3.32037e-019
2 97 -4.10176e-019
2 98 0
2 99 -4.39081e-019
2 100 -2.03288e-020
2 101 -1.46473e-018
2 102 5.29501e-019
2 103 -5.29501e-019
2 104 7.58963e-016
2 105 7.4793e-019
2 106 1.26653e-018
2 107 -2.71051e-020
2 108 2.45216e-019
2 109 -2.71051e-020
2 110 1.99413e-018
2 111 5.42101e-020
2 112 1.31703e-018
2 113 -8.25857e-020
2 114 8.25857e-020
2 115 -8.25857e-020
2 116 8.25857e-020
2 117 4.68301e-016
2 118 4.20022e-019
2 119 3.43154e-019
2 120 5.44219e-020
2 121 -2.60251e-019
2 122 -1.36584e-020
2 123 2.21605e-019
2 124 1.35525e-020
2 125 8.42374e-019
2 126 3.89794e-019
2 127 -3.89794e-019
2 128 -1.24897e-015
2 129 -8.26387e-019
2 130 -5.75877e-019
2 131 -1.22185e-019
2 132 -1.37124e-018
2 133 -8.12093e-020
2 134 -8.88749e-019
2 135 0
2 136 -9.24642e-019
3 0 7.63918e-015
3 1 -7.63918e-015
3 2 -8.00796e-018
3 3 0.666667
3 4 -0.666667
3 5 -7.0812e-019
3 6 2.08785e-014
3 7 -2.08785e-014
3 8 -4.06576e-019
3 9 2.87158e-014
3 10 -2.87158e-014
3 11 -1.76188e-018
3 12 1.95313e-014
3 13 -1.95313e-014
3 14 0
3 15 3.81996e-015
3 16 -3.81996e-015
3 17 -2.43607e-018
3 18 -0.333333
3 19 0.333333
3 20 4.81115e-019
3 21 -1.04429e-014
3 22 1.04429e-014
3 23 9.21572e-019
3 24 -1.43649e-014
3 25 1.43649e-014
3 26 -8.67362e-019
3 27 -9.75862e-015
3 28 9.75862e-015
3 29 0
3 30 -4.68165e-015
3 31 4.68165e-015
3 32 6.5356e-018
3 33 0.408248
3 34 1.23349e-018
3 35 1.27988e-014
3 36 -2.60209e-018
3 37 1.75882e-014
3 38 -1.95167e-018
3 39 1.19641e-014
3 40 -5.29396e-023
3 41 1.20861e-015
3 42 -1.20861e-015
3 43 1.20861e-015
3 44 -1.20861e-015
3 45 2.0531e-018
3 46 -0.105409
3 47 1.14529e-018
3 48 -3.30551e-015
3 49 -3.79365e-019
3 50 -4.53958e-015
3 51 -2.1684e-019
3 52 -3.08556e-015
3 53 0
3 54 -9.37295e-019
3 55 9.37295e-019
3 56 -1.02311e-018
3 57 1.01786e-015
3 58 -2.00556e-018
3 59 1.65129e-018
3 60 -5.44219e-020
3 61 -3.2092e-018
3 62 -5.42101e-020
3 63 -8.05952e-019
3 64 0
3 65 -7.4216e-019
3 66 7.4216e-019
3 67 -7.4216e-019
3 68 7.4216e-019
3 69 2.21616e-018
3 70 -3.50518e-016
3 71 -4.60786e-019
3 72 -1.17399e-018
3 73 1.35525e-019
3 74 -4.80691e-019
3 75 -1.0842e-019
3 76 9.26654e-019
3 77 0
3 78 2.43792e-018
3 79 -2.43792e-018
3 80 2.5411e-019
3 81 -4.5927e-017
3 82 1.07764e-018
3 83 -7.34378e-019
3 84 1.69407e-019
3 85 1.77432e-018
3 86 3.25261e-019
3 87 -3.21978e-019
3 88 0
3 89 9.33748e-019
3 90 -9.33748e-019
3 91 9.33748e-019
3 92 -9.33748e-019
3 93 5.96311e-019
3 94 4.31807e-016
3 95 4.02341e-020
3 96 -1.80672e-018
3 97 4.37069e-019
3 98 3.17637e-020
3 99 2.20229e-019
3 100 -7.35436e-019
3 101 -1.05879e-022
3 102 1.26875e-018
3 103 -1.26875e-018
3 104 -5.21561e-019
3 105 -7.58006e-016
3 106 -8.03199e-019
3 107 -1.92213e-018
3 108 -1.999e-019
3 109 -1.1418e-018
3 110 0
3 111 -6.12405e-019
3 112 0
3 113 3.61312e-019
3 114 -3.61312e-019
3 115 3.61312e-019
3 116 -3.61312e-019
3 117 -6.38769e-019
3 118 -4.70881e-016
3 119 2.86509e-019
3 120 9.37665e-019
3 121 1.69407e-021
3 122 -3.90906e-019
3 123 -2.11758e-022
3 124 5.77888e-019
3 125 1.05879e-022
3 126 -2.80791e-019
3 127 2.80791e-019
3 128 -4.7328e-020
3 129 1.2477e-015
3 130 2.84815e-019
3 131 3.01755e-019
3 132 1.6263e-019
3 133 -2.91168e-019
3 134 -2.71051e-020
3 135 2.18323e-019
3 136 0
4 0 -7.63918e-015
4 1 7.63918e-015
4 2 8.00796e-018
4 3 -0.666667
4 4 0.666667
4 5 7.0812e-019
4 6 -2.08785e-014
4 7 2.08785e-014
4 8 4.06576e-019
4 9 -2.87158e-014
4 10 2.87158e-014
4 11 1.76188e-018
4 12 -1.95313e-014
4 13 1.95313e-014
4 14 0
4 15 -3.81996e-015
4 16 3.81996e-015
4 17 2.43607e-018
4 18 0.333333
4 19 -0.333333
4 20 -4.81115e-019
4 21 1.04429e-014
4 22 -1.04429e-014
4 23 -9.21572e-019
4 24 1.43649e-014
4 25 -1.43649e-014
4 26 8.67362e-019
4 27 9.75862e-015
4 28 -9.75862e-015
4 29 0
4 30 4.68165e-015
4 31 -4.68165e-015
4 32 -6.5356e-018
4 33 -0.408248
4 34 -1.23349e-018
4 35 -1.27988e-014
4 36 2.60209e-018
4 37 -1.75882e-014
4 38 1.95167e-018
4 39 -1.19641e-014
4 40 5.29396e-023
4 41 -1.20861e-015
4 42 1.20861e-015
4 43 -1.20861e-015
4 44 1.20861e-015
4 45 -2.0531e-018
4 46 0.105409
4 47 -1.14529e-018
4 48 3.30551e-015
4 49 3.79365e-019
4 50 4.53958e-015
4 51 2.1684e-019
4 52 3.08556e-015
4 53 0
4 54 9.37295e-019
4 55 -9.37295e-019
4 56 1.02311e-018
4 57 -1.01786e-015
4 58 2.00556e-018
4 59 -1.65129e-018
4 60 5.44219e-020
4 61 3.2092e-018
4 62 5.42101e-020
4 63 8.05952e-019
4 64 0
4 65 7.4216e-019
4 66 -7.4216e-019
4 67 7.4216e-019
4 68 -7.4216e-019
4 69 -2.21616e-018
4 70 3.50518e-016
4 71 4.60786e-019
4 72 1.17399e-018
4 73 -1.35525e-019
4 74 4.80691e-019
4 75 1.0842e-019
4 76 -9.26654e-019
4 77 0
4 78 -2.43792e-018
4 79 2.43792e-018
4 80 -2.5411e-019
4 81 4.5927e-017
4 82 -1.07764e-018
4 83 7.34378e-019
4 84 -1.69407e-019
4 85 -1.77432e-018
4 86 -3.25261e-019
4 87 3.21978e-019
4 88 0
4 89 -9.33748e-019
4 90 9.33748e-019
4 91 -9.33748e-019
4 92 9.33748e-019
4 93 -5.96311e-019
4 94 -4.31807e-016
4 95 -4.02341e-020
4 96 1.80672e-018
4 97 -4.37069e-019
4 98 -3.17637e-020
4 99 -2.20229e-019
4 100 7.35436e-019
4 101 1.05879e-022
4 102 -1.26875e-018
4 103 1.26875e-018
4 104 5.21561e-019
4 105 7.58006e-016
4 106 8.03199e-019
4 107 1.92213e-018
4 108 1.999e-019
4 109 1.1418e-018
4 110 0
4 111 6.12405e-019
4 112 0
4 113 -3.61312e-019
4 114 3.61312e-019
4 115 -3.61312e-019
4 116 3.61312e-019
4 117 6.38769e-019
4 118 4.70881e-016
4 119 -2.86509e-019
4 120 -9.37665e-019
4 121 -1.69407e-021
4 122 3.90906e-019
4 123 2.11758e-022
4 124 -5.77888e-019
4 125 -1.05879e-022
4 126 2.80791e-019
4 127 -2.80791e-019
4 128 4.7328e-020
4 129 -1.2477e-015
4 130 -2.84815e-019
4 131 -3.01755e-019
4 132 -1.6263e-019
4 133 2.91168e-019
4 134 2.71051e-020
4 135 -2.18323e-019
4 136 0
5 0 -4.14706e-018
5 1 4.14706e-018
5 2 1.56317e-014
5 3 -7.0812e-019
5 4 7.0812e-019
5 5 0.666667
5 6 1.78555e-018
5 7 -1.78555e-018
5 8 3.50403e-014
5 9 -1.49078e-018
5 10 1.49078e-018
5 11 1.96396e-014
5 12 0
5 13 0
5 14 2.08022e-014
5 15 -1.65341e-018
5 16 1.65341e-018
5 17 7.81604e-015
5 18 -3.94379e-018
5 19 3.94379e-018
5 20 0.333333
5 21 -2.60886e-018
5 22 2.60886e-018
5 23 1.75189e-014
5 24 2.64274e-019
5 25 -2.64274e-019
5 26 9.82323e-015
5 27 0
5 28 0
5 29 1.04031e-014
5 30 -9.57094e-019
5 31 9.57094e-019
5 32 -9.55872e-015
5 33 -5.69206e-018
5 34 -0.408248
5 35 2.15485e-018
5 36 -2.14462e-014
5 37 -4.33575e-019
5 38 -1.20255e-014
5 39 0
5 40 -1.27389e-014
5 41 -4.30293e-019
5 42 4.30293e-019
5 43 -4.30293e-019
5 44 4.30293e-019
5 45 2.47058e-015
5 46 3.99821e-018
5 47 0.105409
5 48 -3.09675e-018
5 49 5.53771e-015
5 50 4.76456e-020
5 51 3.10413e-015
5 52 0
5 53 3.29106e-015
5 54 1.2192e-019
5 55 -1.2192e-019
5 56 -4.10822e-018
5 57 2.64274e-019
5 58 -9.97853e-016
5 59 7.51953e-019
5 60 3.21873e-018
5 61 4.33681e-019
5 62 -3.45124e-018
5 63 -4.33681e-019
5 64 1.67014e-018
5 65 -1.64377e-019
5 66 1.64377e-019
5 67 -1.64377e-019
5 68 1.64377e-019
5 69 3.98e-019
5 70 -1.11808e-018
5 71 3.50732e-016
5 72 1.04354e-018
5 73 1.14646e-018
5 74 0
5 75 -1.59412e-018
5 76 0
5 77 1.49417e-018
5 78 -5.16637e-019
5 79 5.16637e-019
5 80 1.36965e-018
5 81 -8.67573e-019
5 82 5.2324e-017
5 83 5.75559e-019
5 84 -7.49624e-019
5 85 5.39984e-020
5 86 -1.23137e-018
5 87 0
5 88 -1.92721e-018
5 89 3.67612e-019
5 90 -3.67612e-019
5 91 3.67612e-019
5 92 -3.67612e-019
5 93 -3.7693e-019
5 94 -8.63338e-019
5 95 -4.26606e-016
5 96 7.2506e-019
5 97 3.89635e-020
5 98 2.11758e-022
5 99 2.41404e-020
5 100 0
5 101 -1.2534e-018
5 102 1.53472e-019
5 103 -1.53472e-019
5 104 1.12422e-018
5 105 3.07896e-019
5 106 7.61504e-016
5 107 -1.04354e-018
5 108 -6.1177e-019
5 109 4.33681e-019
5 110 2.54788e-018
5 111 -2.1684e-019
5 112 2.53199e-018
5 113 1.70254e-019
5 114 -1.70254e-019
5 115 1.70254e-019
5 116 -1.70254e-019
5 117 8.8949e-019
5 118 4.04458e-020
5 119 4.69812e-016
5 120 -2.9985e-019
5 121 5.21561e-019
5 122 -5.42101e-020
5 123 -1.07171e-018
5 124 0
5 125 -9.47618e-020
5 126 -1.59083e-019
5 127 1.59083e-019
5 128 -7.71541e-019
5 129 -2.5771e-019
5 130 -1.24969e-015
5 131 1.6263e-019
5 132 6.1664e-019
5 133 -5.44219e-020
5 134 -4.25634e-020
5 135 0
5 136 9.58841e-019
6 0 5.01962e-015
6 1 -5.01962e-015
6 2 -7.70826e-019
6 3 2.08785e-014
6 4 -2.08785e-014
6 5 1.78555e-018
6 6 0.666667
6 7 -0.666667
6 8 1.4399e-018
6 9 2.62346e-014
6 10 -2.62346e-014
6 11 -3.25255e-018
6 12 2.5103e-014
6 13 -2.5103e-014
6 14 2.82062e-018
6 15 2.50788e-015
6 16 -2.50788e-015
6 17 3.73711e-018
6 18 -1.04441e-014
6 19 1.04441e-014
6 20 -8.06375e-019
6 21 -0.333333
6 22 0.333333
6 23 1.94479e-018
6 24 -1.31211e-014
6 25 1.31211e-014
6 26 4.33681e-019
6 27 -1.25475e-014
6 28 1.25475e-014
6 29 1.73472e-018
6 30 -3.07422e-015
6 31 3.07422e-015
6 32 -2.16735e-019
6 33 1.27896e-014
6 34 -5.62324e-019
6 35 0.408248
6 36 2.3376e-018
6 37 1.60807e-014
6 38 -1.30782e-018
6 39 1.53632e-014
6 40 -8.67362e-019
6 41 7.92228e-016
6 42 -7.92228e-016
6 43 7.92228e-016
6 44 -7.92228e-016
6 45 -4.33681e-019
6 46 -3.30602e-015
6 47 7.45389e-019
6 48 -0.105409
6 49 -3.21216e-018
6 50 -4.14931e-015
6 51 -5.89641e-019
6 52 -3.96301e-015
6 53 -2.10064e-019
6 54 -1.02009e-018
6 55 1.02009e-018
6 56 -6.30193e-019
6 57 -2.93285e-019
6 58 -6.77626e-021
6 59 9.93564e-016
6 60 -2.37826e-018
6 61 -3.88619e-018
6 62 4.33681e-019
6 63 2.43353e-018
6 64 0
6 65 -7.45707e-019
6 66 7.45707e-019
6 67 -7.45707e-019
6 68 7.45707e-019
6 69 -6.43745e-019
6 70 -2.11758e-019
6 71 2.50722e-019
6 72 -3.57259e-016
6 73 6.77626e-019
6 74 -1.24514e-019
6 75 4.33893e-019
6 76 -1.00988e-018
6 77 -6.77626e-021
6 78 -3.3696e-019
6 79 3.3696e-019
6 80 1.08208e-019
6 81 -1.783e-019
6 82 2.30393e-019
6 83 -5.01141e-017
6 84 2.07989e-018
6 85 4.27963e-019
6 86 -6.77626e-021
6 87 -1.38003e-018
6 88 1.6263e-019
6 89 3.34684e-019
6 90 -3.34684e-019
6 91 3.34684e-019
6 92 -3.34684e-019
6 93 3.15096e-019
6 94 -1.40459e-018
6 95 1.49078e-019
6 96 4.23094e-016
6 97 6.02876e-019
6 98 -4.45751e-019
6 99 2.1684e-019
6 100 6.59839e-019
6 101 3.18484e-019
6 102 5.48136e-019
6 103 -5.48136e-019
6 104 9.95264e-021
6 105 -6.10711e-019
6 106 4.60574e-019
6 107 -7.61969e-016
6 108 -3.04932e-020
6 109 2.73168e-020
6 110 -3.17637e-021
6 111 7.02826e-019
6 112 0
6 113 -3.2002e-019
6 114 3.2002e-019
6 115 -3.2002e-019
6 116 3.2002e-019
6 117 -2.30605e-019
6 118 3.2759e-019
6 119 2.68933e-020
6 120 -4.7104e-016
6 121 9.53759e-019
6 122 1.67416e-018
6 123 9.48677e-020
6 124 7.9727e-019
6 125 0
6 126 -5.4316e-020
6 127 5.4316e-020
6 128 -1.37643e-020
6 129 9.65406e-019
6 130 -5.28337e-019
6 131 1.24887e-015
6 132 -6.75509e-020
6 133 -2.55804e-019
6 134 -1.0842e-019
6 135 1.02936e-018
6 136 0
7 0 -5.01962e-015
7 1 5.01962e-015
7 2 7.70826e-019
7 3 -2.08785e-014
7 4 2.08785e-014
7 5 -1.78555e-018
7 6 -0.666667
7 7 0.666667
7 8 -1.4399e-018
7 9 -2.62346e-014
7 10 2.62346e-014
7 11 3.25255e-018
7 12 -2.5103e-014
7 13 2.5103e-014
7 14 -2.82062e-018
7 15 -2.50788e-015
7 16 2.50788e-015
7 17 -3.73711e-018
7 18 1.04441e-014
7 19 -1.04441e-014
7 20 8.06375e-019
7 21 0.333333
7 22 -0.333333
7 23 -1.94479e-018
7 24 1.31211e-014
7 25 -1.31211e-014
7 26 -4.33681e-019
7 27 1.25475e-014
7 28 -1.25475e-014
7 29 -1.73472e-018
7 30 3.07422e-015
7 31 -3.07422e-015
7 32 2.16735e-019
7 33 -1.27896e-014
7 34 5.62324e-019
7 35 -0.408248
7 36 -2.3376e-018
7 37 -1.60807e-014
7 38 1.30782e-018
7 39 -1.53632e-014
7 40 8.67362e-019
7 41 -7.92228e-016
7 42 7.92228e-016
7 43 -7.92228e-016
7 44 7.92228e-016
7 45 4.33681e-019
7 46 3.30602e-015
7 47 -7.45389e-019
7 48 0.105409
7 49 3.21216e-018
7 50 4.14931e-015
7 51 5.89641e-019
7 52 3.96301e-015
7 53 2.10064e-019
7 54 1.02009e-018
7 55 -1.02009e-018
7 56 6.30193e-019
7 57 2.93285e-019
7 58 6.77626e-021
7 59 -9.93564e-016
7 60 2.37826e-018
7 61 3.88619e-018
7 62 -4.33681e-019
7 63 -2.43353e-018
7 64 0
7 65 7.45707e-019
7 66 -7.45707e-019
7 67 7.45707e-019
7 68 -7.45707e-019
7 69 6.43745e-019
7 70 2.11758e-019
7 71 -2.50722e-019
7 72 3.57259e-016
7 73 -6.77626e-019
7 74 1.24514e-019
7 75 -4.33893e-019
7 76 1.00988e-018
7 77 6.77626e-021
7 78 3.3696e-019
7 79 -3.3696e-019
7 80 -1.08208e-019
7 81 1.783e-019
7 82 -2.30393e-019
7 83 5.01141e-017
7 84 -2.07989e-018
7 85 -4.27963e-019
7 86 6.77626e-021
7 87 1.38003e-018
7 88 -1.6263e-019
7 89 -3.34684e-019
7 90 3.34684e-019
7 91 -3.34684e-019
7 92 3.34684e-019
7 93 -3.15096e-019
7 94 1.40459e-018
7 95 -1.49078e-019
7 96 -4.23094e-016
7 97 -6.02876e-019
7 98 4.45751e-019
7 99 -2.1684e-019
7 100 -6.59839e-019
7 101 -3.18484e-019
7 102 -5.48136e-019
7 103 5.48136e-019
7 104 -9.95264e-021
7 105 6.10711e-019
7 106 -4.60574e-019
7 107 7.61969e-016
7 108 3.04932e-020
7 109 -2.73168e-020
7 110 3.17637e-021
7 111 -7.02826e-019
7 112 0
7 113 3.2002e-019
7 114 -3.2002e-019
7 115 3.2002e-019
7 116 -3.2002e-019
7 117 2.30605e-019
7 118 -3.2759e-019
7 119 -2.68933e-020
7 120 4.7104e-016
7 121 -9.53759e-019
7 122 -1.67416e-018
7 123 -9.48677e-020
7 124 -7.9727e-019
7 125 0
7 126 5.4316e-020
7 127 -5.4316e-020
7 128 1.37643e-020
7 129 -9.65406e-019
7 130 5.28337e-019
7 131 -1.24887e-015
7 132 6.75509e-020
7 133 2.55804e-019
7 134 1.0842e-019
7 135 -1.02936e-018
7 136 0
8 0 1.54497e-018
8 1 -1.54497e-018
8 2 1.38891e-014
8 3 -4.06576e-019
8 4 4.06576e-019
8 5 3.50403e-014
8 6 1.4399e-018
8 7 -1.4399e-018
8 8 0.666667
8 9 -8.24327e-018
8 10 8.24327e-018
8 11 2.97196e-014
8 12 -1.32815e-018
8 13 1.32815e-018
8 14 3.17515e-014
8 15 -9.46983e-019
8 16 9.46983e-019
8 17 6.94626e-015
8 18 -1.57209e-018
8 19 1.57209e-018
8 20 1.75198e-014
8 21 -2.71051e-018
8 22 2.71051e-018
8 23 0.333333
8 24 0
8 25 0
8 26 1.48559e-014
8 27 1.02322e-018
8 28 -1.02322e-018
8 29 1.58776e-014
8 30 -4.35375e-019
8 31 4.35375e-019
8 32 -8.51454e-015
8 33 1.95156e-018
8 34 -2.1447e-014
8 35 -7.54876e-018
8 36 -0.408248
8 37 -3.18379e-019
8 38 -1.81795e-014
8 39 7.04626e-019
8 40 -1.94427e-014
8 41 2.70998e-019
8 42 -2.70998e-019
8 43 2.70998e-019
8 44 -2.70998e-019
8 45 2.1976e-015
8 46 6.50415e-019
8 47 5.53774e-015
8 48 -4.04458e-020
8 49 0.105409
8 50 -1.03677e-018
8 51 4.70194e-015
8 52 -8.13152e-019
8 53 5.0195e-015
8 54 2.1684e-019
8 55 -2.1684e-019
8 56 1.60799e-018
8 57 -6.98802e-021
8 58 9.54818e-019
8 59 2.2565e-018
8 60 -1.00377e-015
8 61 1.80926e-018
8 62 -2.16375e-018
8 63 -2.10064e-019
8 64 -1.66347e-018
8 65 -1.6263e-019
8 66 1.6263e-019
8 67 -1.6263e-019
8 68 1.6263e-019
8 69 1.53493e-018
8 70 -1.35525e-019
8 71 1.59327e-018
8 72 5.42101e-020
8 73 3.42646e-016
8 74 2.10276e-019
8 75 1.55219e-019
8 76 1.08399e-018
8 77 1.0589e-018
8 78 -1.03338e-019
8 79 1.03338e-019
8 80 7.90811e-019
8 81 5.96311e-019
8 82 -2.47757e-018
8 83 -9.15007e-019
8 84 4.79383e-017
8 85 8.60585e-019
8 86 -8.61221e-019
8 87 -3.25472e-019
8 88 -1.40247e-018
8 89 1.64271e-019
8 90 -1.64271e-019
8 91 1.64271e-019
8 92 -1.64271e-019
8 93 -1.45901e-019
8 94 -6.94779e-019
8 95 -7.08331e-019
8 96 -9.46559e-020
8 97 -4.27408e-016
8 98 3.25472e-019
8 99 -1.25149e-019
8 100 -5.44219e-020
8 101 8.50845e-019
8 102 -2.12288e-020
8 103 2.12288e-020
8 104 7.86894e-019
8 105 2.27005e-019
8 106 2.04347e-019
8 107 -1.24662e-018
8 108 7.65945e-016
8 109 -3.38813e-021
8 110 1.17695e-018
8 111 2.30393e-019
8 112 1.82281e-018
8 113 -2.08052e-020
8 114 2.08052e-020
8 115 -2.08052e-020
8 116 2.08052e-020
8 117 8.91502e-019
8 118 1.2049e-019
8 119 3.16155e-019
8 120 1.02915e-019
8 121 4.69065e-016
8 122 -1.62419e-019
8 123 2.41193e-019
8 124 2.11758e-022
8 125 -3.71847e-019
8 126 -5.42101e-020
8 127 5.42101e-020
8 128 -1.45213e-018
8 129 5.39984e-020
8 130 5.07373e-019
8 131 -5.8297e-019
8 132 -1.25113e-015
8 133 -5.42101e-020
8 134 -1.04609e-019
8 135 -2.73168e-020
8 136 -1.1255e-018
9 0 6.02906e-015
9 1 -6.02906e-015
9 2 -1.6676e-021
9 3 2.87158e-014
9 4 -2.87158e-014
9 5 -1.49078e-018
9 6 2.62346e-014
9 7 -2.62346e-014
9 8 -8.24327e-018
9 9 0.666667
9 10 -0.666667
9 11 1.52839e-017
9 12 3.92727e-014
9 13 -3.92727e-014
9 14 1.51786e-018
9 15 3.01678e-015
9 16 -3.01678e-015
9 17 4.33681e-019
9 18 -1.43664e-014
9 19 1.43664e-014
9 20 0
9 21 -1.31211e-014
9 22 1.31211e-014
9 23 -3.15096e-018
9 24 -0.333333
9 25 0.333333
9 26 1.13841e-018
9 27 -1.96346e-014
9 28 1.96346e-014
9 29 0
9 30 -3.69143e-015
9 31 3.69143e-015
9 32 0
9 33 1.75825e-014
9 34 1.05879e-022
9 35 1.60826e-014
9 36 -2.17529e-018
9 37 0.408248
9 38 -2.33082e-018
9 39 2.4068e-014
9 40 1.95156e-018
9 41 9.54956e-016
9 42 -9.54956e-016
9 43 9.54956e-016
9 44 -9.54956e-016
9 45 -1.6263e-019
9 46 -4.53777e-015
9 47 -1.72795e-018
9 48 -4.14826e-015
9 49 1.47723e-018
9 50 -0.105409
9 51 3.12238e-019
9 52 -6.21114e-015
9 53 -3.25261e-019
9 54 -2.69992e-020
9 55 2.69992e-020
9 56 0
9 57 -8.7075e-019
9 58 4.33681e-019
9 59 -1.30422e-018
9 60 -3.38601e-019
9 61 9.97448e-016
9 62 -1.75442e-018
9 63 -1.41253e-018
9 64 4.33681e-019
9 65 6.35645e-019
9 66 -6.35645e-019
9 67 6.35645e-019
9 68 -6.35645e-019
9 69 1.35525e-019
9 70 -1.02915e-018
9 71 -4.26905e-019
9 72 3.09379e-019
9 73 1.51788e-018
9 74 -3.58377e-016
9 75 5.68994e-019
9 76 1.24768e-018
9 77 6.77732e-019
9 78 7.98858e-020
9 79 -7.98858e-020
9 80 2.64274e-019
9 81 1.99815e-018
9 82 -4.87891e-019
9 83 -2.01149e-018
9 84 -6.50521e-019
9 85 -4.53673e-017
9 86 1.17886e-018
9 87 2.33993e-019
9 88 -2.09958e-019
9 89 2.39075e-019
9 90 -2.39075e-019
9 91 2.39075e-019
9 92 -2.39075e-019
9 93 3.25155e-019
9 94 1.64176e-018
9 95 -2.17052e-019
9 96 -3.10014e-019
9 97 1.15408e-019
9 98 4.3206e-016
9 99 7.18284e-019
9 100 -1.52678e-018
9 101 -2.17052e-019
9 102 3.26108e-019
9 103 -3.26108e-019
9 104 2.71051e-020
9 105 -2.38863e-018
9 106 0
9 107 -2.02568e-018
9 108 6.43957e-019
9 109 -7.60531e-016
9 110 -1.59242e-019
9 111 -1.71291e-018
9 112 -1.93124e-019
9 113 -8.92932e-019
9 114 8.92932e-019
9 115 -8.92932e-019
9 116 8.92932e-019
9 117 1.22926e-019
9 118 9.84676e-020
9 119 8.13152e-020
9 120 9.86793e-020
9 121 6.75932e-019
9 122 -4.69099e-016
9 123 1.35525e-020
9 124 1.04714e-018
9 125 -1.34678e-019
9 126 3.39872e-019
9 127 -3.39872e-019
9 128 8.12093e-020
9 129 5.0949e-019
9 130 0
9 131 3.13614e-019
9 132 0
9 133 1.25051e-015
9 134 5.41889e-019
9 135 1.91387e-018
9 136 -2.72109e-020
10 0 -6.02906e-015
10 1 6.02906e-015
10 2 1.6676e-021
10 3 -2.87158e-014
10 4 2.87158e-014
10 5 1.49078e-018
10 6 -2.62346e-014
10 7 2.62346e-014
10 8 8.24327e-018
10 9 -0.666667
10 10 0.666667
10 11 -1.52839e-017
10 12 -3.92727e-014
10 13 3.92727e-014
10 14 -1.51786e-018
10 15 -3.01678e-015
10 16 3.01678e-015
10 17 -4.33681e-019
10 18 1.43664e-014
10 19 -1.43664e-014
10 20 0
10 21 1.31211e-014
10 22 -1.31211e-014
10 23 3.15096e-018
10 24 0.333333
10 25 -0.333333
10 26 -1.13841e-018
10 27 1.96346e-014
10 28 -1.96346e-014
10 29 0
10 30 3.69143e-015
10 31 -3.69143e-015
10 32 0
10 33 -1.75825e-014
10 34 -1.05879e-022
10 35 -1.60826e-014
10 36 2.17529e-018
10 37 -0.408248
10 38 2.33082e-018
10 39 -2.4068e-014
10 40 -1.95156e-018
10 41 -9.54956e-016
10 42 9.54956e-016
10 43 -9.54956e-016
10 44 9.54956e-016
10 45 1.6263e-019
10 46 4.53777e-015
10 47 1.72795e-018
10 48 4.14826e-015
10 49 -1.47723e-018
10 50 0.105409
10 51 -3.12238e-019
10 52 6.21114e-015
10 53 3.25261e-019
10 54 2.69992e-020
10 55 -2.69992e-020
10 56 0
10 57 8.7075e-019
10 58 -4.33681e-019
10 59 1.30422e-018
10 60 3.38601e-019
10 61 -9.97448e-016
10 62 1.75442e-018
10 63 1.41253e-018
10 64 -4.33681e-019
10 65 -6.35645e-019
10 66 6.35645e-019
10 67 -6.35645e-019
10 68 6.35645e-019
10 69 -1.35525e-019
10 70 1.02915e-018
10 71 4.26905e-019
10 72 -3.09379e-019
10 73 -1.51788e-018
10 74 3.58377e-016
10 75 -5.68994e-019
10 76 -1.24768e-018
10 77 -6.77732e-019
10 78 -7.98858e-020
10 79 7.98858e-020
10 80 -2.64274e-019
10 81 -1.99815e-018
10 82 4.87891e-019
10 83 2.01149e-018
10 84 6.50521e-019
10 85 4.53673e-017
10 86 -1.17886e-018
10 87 -2.33993e-019
10 88 2.09958e-019
10 89 -2.39075e-019
10 90 2.39075e-019
10 91 -2.39075e-019
10 92 2.39075e-019
10 93 -3.25155e-019
10 94 -1.64176e-018
10 95 2.17052e-019
10 96 3.10014e-019
10 97 -1.15408e-019
10 98 -4.3206e-016
10 99 -7.18284e-019
10 100 1.52678e-018
10 101 2.17052e-019
10 102 -3.26108e-019
10 103 3.26108e-019
10 104 -2.71051e-020
10 105 2.38863e-018
10 106 0
10 107 2.02568e-018
10 108 -6.43957e-019
10 109 7.60531e-016
10 110 1.59242e-019
10 111 1.71291e-018
10 112 1.93124e-019
10 113 8.92932e-019
10 114 -8.92932e-019
10 115 8.92932e-019
10 116 -8.92932e-019
10 117 -1.22926e-019
10 118 -9.84676e-020
10 119 -8.13152e-020
10 120 -9.86793e-020
10 121 -6.75932e-019
10 122 4.69099e-016
10 123 -1.35525e-020
10 124 -1.04714e-018
10 125 1.34678e-019
10 126 -3.39872e-019
10 127 3.39872e-019
10 128 -8.12093e-020
10 129 -5.0949e-019
10 130 0
10 131 -3.13614e-019
10 132 0
10 133 -1.25051e-015
10 134 -5.41889e-019
10 135 -1.91387e-018
10 136 2.72109e-020
11 0 -5.89548e-019
11 1 5.89548e-019
11 2 2.60484e-014
11 3 -1.76188e-018
11 4 1.76188e-018
11 5 1.96396e-014
11 6 -3.25255e-018
11 7 3.25255e-018
11 8 2.97196e-014
11 9 1.52839e-017
11 10 -1.52839e-017
11 11 0.666667
11 12 2.3611e-020
11 13 -2.3611e-020
11 14 2.22153e-014
11 15 -2.03288e-019
11 16 2.03288e-019
11 17 1.30256e-014
11 18 8.67362e-019
11 19 -8.67362e-019
11 20 9.82096e-015
11 21 -1.55854e-019
11 22 1.55854e-019
11 23 1.48557e-014
11 24 -2.27005e-018
11 25 2.27005e-018
11 26 0.333333
11 27 -2.77827e-019
11 28 2.77827e-019
11 29 1.1104e-014
11 30 -8.53836e-019
11 31 8.53836e-019
11 32 -1.59608e-014
11 33 5.42101e-020
11 34 -1.2039e-014
11 35 2.81215e-018
11 36 -1.81943e-014
11 37 1.25329e-018
11 38 -0.408248
11 39 8.01653e-018
11 40 -1.35938e-014
11 41 3.40507e-019
11 42 -3.40507e-019
11 43 3.40507e-019
11 44 -3.40507e-019
11 45 4.12102e-015
11 46 -1.0842e-018
11 47 3.10002e-015
11 48 -1.0841e-018
11 49 4.69841e-015
11 50 -4.67594e-018
11 51 0.105409
11 52 9.28348e-019
11 53 3.51245e-015
11 54 6.43745e-020
11 55 -6.43745e-020
11 56 3.90302e-018
11 57 1.0842e-019
11 58 1.69915e-018
11 59 6.50733e-019
11 60 -2.24548e-018
11 61 4.80479e-019
11 62 -9.96355e-016
11 63 -1.67342e-018
11 64 -2.93603e-019
11 65 -1.16891e-019
11 66 1.16891e-019
11 67 -1.16891e-019
11 68 1.16891e-019
11 69 1.54584e-019
11 70 -3.25261e-019
11 71 5.34478e-019
11 72 -8.60374e-019
11 73 1.3129e-020
11 74 5.96099e-019
11 75 3.60629e-016
11 76 5.62218e-019
11 77 6.1124e-019
11 78 3.05991e-020
11 79 -3.05991e-020
11 80 8.9002e-019
11 81 0
11 82 -1.9846e-018
11 83 -4.33681e-019
11 84 9.26654e-019
11 85 1.56066e-019
11 86 4.72615e-017
11 87 1.40967e-018
11 88 1.17314e-019
11 89 -2.27111e-019
11 90 2.27111e-019
11 91 -2.27111e-019
11 92 2.27111e-019
11 93 -9.36818e-019
11 94 -2.1684e-019
11 95 5.87417e-019
11 96 -2.1684e-019
11 97 -1.08865e-018
11 98 -1.10517e-018
11 99 -4.28457e-016
11 100 -1.66696e-018
11 101 6.70427e-019
11 102 -1.94818e-020
11 103 1.94818e-020
11 104 2.48022e-018
11 105 0
11 106 1.12528e-018
11 107 1.69407e-020
11 108 1.28135e-018
11 109 4.06788e-019
11 110 7.61755e-016
11 111 -3.79683e-019
11 112 1.46558e-018
11 113 -1.75759e-019
11 114 1.75759e-019
11 115 -1.75759e-019
11 116 1.75759e-019
11 117 -2.50086e-019
11 118 -2.15358e-019
11 119 -6.0224e-019
11 120 -3.11708e-019
11 121 -1.38511e-018
11 122 -1.75971e-019
11 123 4.71046e-016
11 124 3.926e-019
11 125 -8.73714e-019
11 126 -3.38813e-021
11 127 3.38813e-021
11 128 2.7645e-019
11 129 -4.06576e-020
11 130 -4.31987e-020
11 131 -1.08632e-019
11 132 -4.41939e-019
11 133 2.70839e-019
11 134 -1.24908e-015
11 135 -6.91179e-019
11 136 -1.5723e-018
12 0 1.54189e-014
12 1 -1.54189e-014
12 2 3.46945e-018
12 3 1.95313e-014
12 4 -1.95313e-014
12 5 0
12 6 2.5103e-014
12 7 -2.5103e-014
12 8 -1.32815e-018
12 9 3.92727e-014
12 10 -3.92727e-014
12 11 2.3611e-020
12 12 0.666667
12 13 -0.666667
12 14 -2.32219e-019
12 15 7.71787e-015
12 16 -7.71787e-015
12 17 2.1684e-019
12 18 -9.75921e-015
12 19 9.75921e-015
12 20 0
12 21 -1.25453e-014
12 22 1.25453e-014
12 23 -1.68051e-018
12 24 -1.96321e-014
12 25 1.96321e-014
12 26 4.58753e-018
12 27 -0.333333
12 28 0.333333
12 29 -9.82558e-019
12 30 -9.44358e-015
12 31 9.44358e-015
12 32 -4.33681e-019
12 33 1.19539e-014
12 34 0
12 35 1.53679e-014
12 36 2.00577e-018
12 37 2.40529e-014
12 38 2.11388e-018
12 39 0.408248
12 40 8.0844e-018
12 41 2.43729e-015
12 42 -2.43729e-015
12 43 2.43729e-015
12 44 -2.43729e-015
12 45 0
12 46 -3.08799e-015
12 47 0
12 48 -3.96657e-015
12 49 9.21572e-019
12 50 -6.20982e-015
12 51 -2.44623e-018
12 52 -0.105409
12 53 4.83815e-018
12 54 3.4091e-018
12 55 -3.4091e-018
12 56 2.71051e-020
12 57 3.26002e-018
12 58 0
12 59 1.7703e-019
12 60 -5.42101e-020
12 61 -2.05607e-018
12 62 3.41492e-018
12 63 1.00137e-015
12 64 -1.42196e-019
12 65 5.3109e-019
12 66 -5.3109e-019
12 67 5.3109e-019
12 68 -5.3109e-019
12 69 1.0842e-019
12 70 2.40409e-018
12 71 0
12 72 -1.82324e-018
12 73 -2.17052e-019
12 74 2.82718e-018
12 75 1.6263e-019
12 76 -3.52887e-016
12 77 6.08805e-020
12 78 -9.43383e-019
12 79 9.43383e-019
12 80 1.6263e-019
12 81 6.19287e-019
12 82 0
12 83 -1.80037e-018
12 84 -2.71051e-019
12 85 1.56849e-018
12 86 3.31825e-019
12 87 -4.87542e-017
12 88 3.38813e-021
12 89 -1.12655e-019
12 90 1.12655e-019
12 91 -1.12655e-019
12 92 1.12655e-019
12 93 -6.77626e-021
12 94 8.15269e-020
12 95 2.1684e-019
12 96 1.16149e-018
12 97 6.77626e-021
12 98 5.82335e-020
12 99 6.64709e-019
12 100 4.28999e-016
12 101 -1.32794e-018
12 102 2.03711e-019
12 103 -2.03711e-019
12 104 0
12 105 -6.36757e-019
12 106 -2.1684e-019
12 107 1.34954e-018
12 108 8.44915e-020
12 109 -1.52699e-018
12 110 -5.96099e-019
12 111 -7.61616e-016
12 112 -1.275e-018
12 113 1.61783e-019
12 114 -1.61783e-019
12 115 1.61783e-019
12 116 -1.61783e-019
12 117 -1.22079e-019
12 118 -9.42959e-019
12 119 0
12 120 -1.48231e-019
12 121 2.18323e-019
12 122 1.75399e-018
12 123 -4.23305e-019
12 124 -4.67905e-016
12 125 -4.32834e-019
12 126 -7.14102e-019
12 127 7.14102e-019
12 128 0
12 129 -1.74912e-019
12 130 0
12 131 4.7328e-019
12 132 8.13152e-020
12 133 8.03834e-019
12 134 -8.80491e-019
12 135 1.24708e-015
12 136 3.17955e-019
13 0 -1.54189e-014
13 1 1.54189e-014
13 2 -3.46945e-018
13 3 -1.95313e-014
13 4 1.95313e-014
13 5 0
13 6 -2.5103e-014
13 7 2.5103e-014
13 8 1.32815e-018
13 9 -3.92727e-014
13 10 3.92727e-014
13 11 -2.3611e-020
13 12 -0.666667
13 13 0.666667
13 14 2.32219e-019
13 15 -7.71787e-015
13 16 7.71787e-015
13 17 -2.1684e-019
13 18 9.75921e-015
13 19 -9.75921e-015
13 20 0
13 21 1.25453e-014
13 22 -1.25453e-014
13 23 1.68051e-018
13 24 1.96321e-014
13 25 -1.96321e-014
13 26 -4.58753e-018
13 27 0.333333
13 28 -0.333333
13 29 9.82558e-019
13 30 9.44358e-015
13 31 -9.44358e-015
13 32 4.33681e-019
13 33 -1.19539e-014
13 34 0
13 35 -1.53679e-014
13 36 -2.00577e-018
13 37 -2.40529e-014
13 38 -2.11388e-018
13 39 -0.408248
13 40 -8.0844e-018
13 41 -2.43729e-015
13 42 2.43729e-015
13 43 -2.43729e-015
13 44 2.43729e-015
13 45 0
13 46 3.08799e-015
13 47 0
13 48 3.96657e-015
13 49 -9.21572e-019
13 50 6.20982e-015
13 51 2.44623e-018
13 52 0.105409
13 53 -4.83815e-018
13 54 -3.4091e-018
13 55 3.4091e-018
13 56 -2.71051e-020
13 57 -3.26002e-018
13 58 0
13 59 -1.7703e-019
13 60 5.42101e-020
13 61 2.05607e-018
13 62 -3.41492e-018
13 63 -1.00137e-015
13 64 1.42196e-019
13 65 -5.3109e-019
13 66 5.3109e-019
13 67 -5.3109e-019
13 68 5.3109e-019
13 69 -1.0842e-019
13 70 -2.40409e-018
13 71 0
13 72 1.82324e-018
13 73 2.17052e-019
13 74 -2.82718e-018
13 75 -1.6263e-019
13 76 3.52887e-016
13 77 -6.08805e-020
13 78 9.43383e-019
13 79 -9.43383e-019
13 80 -1.6263e-019
13 81 -6.19287e-019
13 82 0
13 83 1.80037e-018
13 84 2.71051e-019
13 85 -1.56849e-018
13 86 -3.31825e-019
13 87 4.87542e-017
13 88 -3.38813e-021
13 89 1.12655e-019
13 90 -1.12655e-019
13 91 1.12655e-019
13 92 -1.12655e-019
13 93 6.77626e-021
13 94 -8.15269e-020
13 95 -2.1684e-019
13 96 -1.16149e-018
13 97 -6.77626e-021
13 98 -5.82335e-020
13 99 -6.64709e-019
13 100 -4.28999e-016
13 101 1.32794e-018
13 102 -2.03711e-019
13 103 2.03711e-019
13 104 0
13 105 6.36757e-019
13 106 2.1684e-019
13 107 -1.34954e-018
13 108 -8.44915e-020
13 109 1.52699e-018
13 110 5.96099e-019
13 111 7.61616e-016
13 112 1.275e-018
13 113 -1.61783e-019
13 114 1.61783e-019
13 115 -1.61783e-019
13 116 1.61783e-019
13 117 1.22079e-019
13 118 9.42959e-019
13 119 0
13 120 1.48231e-019
13 121 -2.18323e-019
13 122 -1.75399e-018
13 123 4.23305e-019
13 124 4.67905e-016
13 125 4.32834e-019
13 126 7.14102e-019
13 127 -7.14102e-019
13 128 0
13 129 1.74912e-019
13 130 0
13 131 -4.7328e-019
13 132 -8.13152e-020
13 133 -8.03834e-019
13 134 8.80491e-019
13 135 -1.24708e-015
13 136 -3.17955e-019
14 0 1.05796e-018
14 1 -1.05796e-018
14 2 1.66567e-014
14 3 0
14 4 0
14 5 2.08022e-014
14 6 2.82062e-018
14 7 -2.82062e-018
14 8 3.17515e-014
14 9 1.51786e-018
14 10 -1.51786e-018
14 11 2.22153e-014
14 12 -2.32219e-019
14 13 2.32219e-019
14 14 0.666667
14 15 8.14846e-019
14 16 -8.14846e-019
14 17 8.3376e-015
14 18 0
14 19 0
14 20 1.04017e-014
14 21 8.67362e-019
14 22 -8.67362e-019
14 23 1.58767e-014
14 24 -9.21572e-019
14 25 9.21572e-019
14 26 1.11038e-014
14 27 -2.63597e-018
14 28 2.63597e-018
14 29 0.333333
14 30 2.18561e-019
14 31 -2.18561e-019
14 32 -1.02158e-014
14 33 -5.29396e-023
14 34 -1.27401e-014
14 35 0
14 36 -1.94464e-014
14 37 -3.67962e-018
14 38 -1.35899e-014
14 39 7.74199e-018
14 40 -0.408248
14 41 -4.23516e-020
14 42 4.23516e-020
14 43 -4.23516e-020
14 44 4.23516e-020
14 45 2.63801e-015
14 46 0
14 47 3.29305e-015
14 48 -1.0842e-019
14 49 5.01863e-015
14 50 6.50521e-019
14 51 3.51064e-015
14 52 -1.40925e-018
14 53 0.105409
14 54 -2.86324e-019
14 55 2.86324e-019
14 56 -7.00496e-019
14 57 0
14 58 -1.48019e-018
14 59 0
14 60 -2.04315e-018
14 61 3.52366e-019
14 62 -1.2499e-018
14 63 -8.33692e-019
14 64 -1.00753e-015
14 65 -2.71051e-020
14 66 2.71051e-020
14 67 -2.71051e-020
14 68 2.71051e-020
14 69 -1.13587e-018
14 70 0
14 71 1.1958e-018
14 72 -2.23617e-019
14 73 -1.05551e-018
14 74 8.12093e-020
14 75 8.75091e-019
14 76 -4.13246e-019
14 77 3.5452e-016
14 78 -2.3664e-020
14 79 2.3664e-020
14 80 -2.39922e-019
14 81 0
14 82 1.52911e-018
14 83 5.42101e-020
14 84 -1.9577e-018
14 85 6.43639e-019
14 86 -1.37431e-018
14 87 -2.12108e-018
14 88 5.41605e-017
14 89 1.09585e-020
14 90 -1.09585e-020
14 91 1.09585e-020
14 92 -1.09585e-020
14 93 -7.13202e-019
14 94 1.05879e-022
14 95 -9.34913e-019
14 96 1.0842e-019
14 97 -3.46013e-019
14 98 1.0842e-019
14 99 2.66625e-018
14 100 1.02682e-018
14 101 -4.18834e-016
14 102 3.38813e-021
14 103 -3.38813e-021
14 104 1.11639e-018
14 105 0
14 106 -1.32709e-018
14 107 0
14 108 1.73134e-018
14 109 3.38813e-019
14 110 2.58822e-018
14 111 1.35801e-018
14 112 7.5923e-016
14 113 -6.72332e-021
14 114 6.72332e-021
14 115 -6.72332e-021
14 116 6.72332e-021
14 117 3.68248e-019
14 118 -1.05879e-022
14 119 9.15431e-019
14 120 -5.42101e-020
14 121 5.52477e-019
14 122 8.13152e-020
14 123 -1.29257e-018
14 124 -7.17437e-019
14 125 4.66438e-016
14 126 -1.15249e-019
14 127 1.15249e-019
14 128 -7.73976e-020
14 129 0
14 130 -6.3951e-019
14 131 -2.71051e-020
14 132 1.20702e-020
14 133 1.62736e-019
14 134 -7.79059e-019
14 135 -5.34795e-019
14 136 -1.2481e-015
15 0 0.166667
15 1 -0.166667
15 2 -4.14707e-018
15 3 3.81996e-015
15 4 -3.81996e-015
15 5 -1.65341e-018
15 6 2.50788e-015
15 7 -2.50788e-015
15 8 -9.46983e-019
15 9 3.01678e-015
15 10 -3.01678e-015
15 11 -2.03288e-019
15 12 7.71787e-015
15 13 -7.71787e-015
15 14 8.14846e-019
15 15 0.333333
15 16 -0.333333
15 17 1.45283e-017
15 18 -7.63473e-015
15 19 7.63473e-015
15 20 2.81893e-018
15 21 -5.0166e-015
15 22 5.0166e-015
15 23 -2.1684e-019
15 24 -6.02816e-015
15 25 6.02816e-015
15 26 -2.1684e-019
15 27 -1.54187e-014
15 28 1.54187e-014
15 29 0
15 30 -0.204124
15 31 0.204124
15 32 -4.23516e-019
15 33 4.67696e-015
15 34 -7.65718e-019
15 35 3.06514e-015
15 36 -1.73472e-018
15 37 3.69033e-015
15 38 0
15 39 9.45165e-015
15 40 5.0822e-020
15 41 -0.0527046
15 42 0.0527046
15 43 -0.0527046
15 44 0.0527046
15 45 1.86347e-019
15 46 1.20923e-015
15 47 1.69407e-019
15 48 7.91278e-016
15 49 -2.71051e-019
15 50 9.51848e-016
15 51 1.0842e-019
15 52 2.43892e-015
15 53 -3.25261e-019
15 54 -5.02841e-016
15 55 5.02841e-016
15 56 2.50383e-018
15 57 8.53809e-019
15 58 -3.72694e-019
15 59 -1.82959e-019
15 60 1.55854e-019
15 61 9.08019e-019
15 62 -3.79471e-019
15 63 -2.88669e-018
15 64 -1.66018e-019
15 65 -1.70105e-016
15 66 1.70105e-016
15 67 -1.70105e-016
15 68 1.70105e-016
15 69 6.97955e-019
15 70 1.30782e-018
15 71 -1.21973e-019
15 72 -9.08019e-019
15 73 1.21973e-019
15 74 1.45012e-018
15 75 -1.15196e-019
15 76 1.49078e-019
15 77 0
15 78 2.37237e-017
15 79 -2.37237e-017
15 80 3.11708e-019
15 81 1.89735e-019
15 82 -5.75982e-019
15 83 6.23416e-019
15 84 5.42101e-020
15 85 1.37558e-018
15 86 -1.0842e-019
15 87 4.81115e-019
15 88 -1.0842e-019
15 89 2.13983e-016
15 90 -2.13983e-016
15 91 2.13983e-016
15 92 -2.13983e-016
15 93 2.37169e-019
15 94 -1.42302e-019
15 95 -2.03288e-020
15 96 -2.43945e-019
15 97 -8.80914e-020
15 98 2.43945e-019
15 99 6.77626e-021
15 100 -7.86047e-019
15 101 -4.74338e-020
15 102 3.81061e-016
15 103 -3.81061e-016
15 104 3.65918e-019
15 105 -1.10453e-018
15 106 3.65918e-019
15 107 -2.30393e-019
15 108 -1.42302e-019
15 109 -4.26905e-019
15 110 -5.42101e-020
15 111 -1.36881e-018
15 112 8.80914e-020
15 113 -2.37142e-016
15 114 2.37142e-016
15 115 -2.37142e-016
15 116 2.37142e-016
15 117 -1.96512e-019
15 118 3.11708e-019
15 119 2.03288e-020
15 120 -1.28749e-019
15 121 -1.01644e-019
15 122 -2.23617e-019
15 123 1.0842e-019
15 124 -3.25261e-019
15 125 2.71051e-020
15 126 -6.24133e-016
15 127 6.24133e-016
15 128 4.06576e-020
15 129 3.11708e-019
15 130 -9.48677e-020
15 131 2.57498e-019
15 132 1.42302e-019
15 133 -2.23617e-019
15 134 -1.0842e-019
15 135 1.96512e-019
15 136 -3.38813e-020
